0,0.225586,0.385956,0.354430,
1,0.250898,0.513040,0.281481,
2,0.225431,0.573628,0.324219,
3,0.206406,0.326134,0.589404,
4,0.276533,0.466535,0.325758,
5,0.237999,0.429225,0.343629,
6,0.254021,0.481275,0.416290,
7,0.277844,0.470416,0.277978,
8,0.321224,0.463899,0.165017,
9,0.275862,0.434636,0.242857,
10,0.311115,0.483433,0.328302,
11,0.269551,0.338665,0.362832,
12,0.163749,0.467348,0.328283,
13,0.303571,0.509049,0.478788,
14,0.135553,0.364390,0.292887,
15,0.259792,0.292257,0.172775,
16,0.345898,0.397606,0.420213,
18,0.287612,0.326340,0.735294,
19,0.259082,0.379299,0.418301,
20,0.312229,0.331645,0.214286,
21,0.188811,0.409426,0.188000,
22,0.261176,0.558485,0.602410,
23,0.233263,0.465884,0.349727,
24,0.164399,0.390498,0.274194,
25,0.289614,0.448659,0.380952,
26,0.312069,0.398311,0.348178,
27,0.339070,0.490764,0.552326,
28,0.322212,0.303537,0.210762,
29,0.334810,0.441794,0.263889,
30,0.388622,0.284112,0.200873,
31,0.315624,0.399043,0.344322,
32,0.314815,0.390371,0.345725,
33,0.335385,0.468870,0.269103,
34,0.259792,0.308417,0.354037,
36,0.243959,0.452964,0.278195,
37,0.284099,0.454121,0.340502,
38,0.290810,0.395249,0.364372,
39,0.233263,0.336541,0.390805,
40,0.351587,0.500433,0.260586,
41,0.275862,0.425500,0.270548,
42,0.258467,0.434166,0.300353,
43,0.270459,0.431967,0.387500,
44,0.187698,0.452786,0.324219,
45,0.237265,0.398670,0.331839,
46,0.323217,0.460267,0.392241,
47,0.333148,0.473005,0.287823,
48,0.327392,0.572844,0.313380,
49,0.306292,0.541452,0.303448,
50,0.344623,0.605373,0.146067,
51,0.381108,0.523880,0.080692,
52,0.340948,0.638767,0.127168,
54,0.310345,0.433510,0.252560,
55,0.307256,0.432672,0.244068,
56,0.196491,0.520679,0.191275,
57,0.258934,0.440591,0.292517,
58,0.259863,0.413515,0.268041,
59,0.270398,0.372104,0.331522,
60,0.284988,0.501924,0.254480,
61,0.294956,0.430221,0.253378,
62,0.259540,0.447741,0.286689,
63,0.234293,0.488600,0.302083,
64,0.288248,0.460073,0.666667,
65,0.216689,0.443555,0.630303,
66,0.243685,0.486006,0.582353,
67,0.263897,0.386898,0.315126,
68,0.183129,0.375691,0.515337,
69,0.202310,0.541745,0.450000,
70,0.232817,0.455251,0.254753,
17,0.250000,0.368093,0.411215,
35,0.259533,0.483433,0.415020,
53,0.305477,0.508420,0.190323,
71,0.201268,0.460907,0.198502,
89,0.258316,0.417640,0.307359,
107,0.293480,0.382604,3.542857,
125,0.276533,0.388819,0.409302,
143,0.284662,0.463835,0.446009,
161,0.286826,0.556944,0.245763,
179,0.248759,0.585206,0.051118,
197,0.293103,0.408518,0.415385,
215,0.285532,0.421751,0.377682,
233,0.270066,0.408345,0.304688,
251,0.223144,0.437295,0.341991,
269,0.195538,0.420386,0.298387,
287,0.240285,0.351876,0.228448,
72,0.252082,0.416863,0.234201,
73,0.300756,0.431521,0.205674,
74,0.311515,0.423072,0.215753,
75,0.229171,0.469031,0.351562,
76,0.276533,0.550649,0.252830,
77,0.270459,0.484875,0.266667,
78,0.328193,0.469281,0.338403,
79,0.245904,0.453435,0.341564,
80,0.263465,0.411099,0.320675,
81,0.220761,0.416497,0.296296,
82,0.243252,0.431521,0.386266,
83,0.221609,0.393919,0.398104,
84,0.242536,0.416282,0.471111,
85,0.217307,0.476158,0.400000,
86,0.242536,0.498290,0.420354,
87,0.268798,0.435522,0.492891,
88,0.201942,0.400153,0.380952,
90,0.202310,0.354770,0.331858,
91,0.262689,0.406619,0.495327,
92,0.146804,0.342941,0.542289,
93,0.246848,0.416863,0.427907,
94,0.293884,0.452220,0.423423,
95,0.276533,0.389163,0.394737,
96,0.184302,0.354450,0.341991,
97,0.259534,0.367402,0.282609,
98,0.294145,0.413458,0.341772,
99,0.259534,0.453435,0.360656,
100,0.243252,0.370894,0.438424,
101,0.256460,0.371391,13.125000,
102,0.291503,0.434564,1.212963,
103,0.311300,0.439282,0.668571,
104,0.285136,0.405778,0.575758,
105,0.274944,0.358202,0.593458,
106,0.291503,0.363367,0.495238,
108,0.393808,0.554700,0.184685,
109,0.346518,0.529028,0.102564,
110,0.374394,0.420375,0.252941,
111,0.271163,0.378145,1.048193,
113,0.200980,0.428095,0.505102,
114,0.200980,0.441776,0.408511,
115,0.208011,0.400303,0.304721,
116,0.204390,0.468609,0.461883,
117,0.242536,0.421852,0.417391,
118,0.208637,0.442417,0.568627,
119,0.115857,0.360648,0.382883,
120,0.261614,0.364150,0.602041,
121,0.283878,0.374447,0.709877,
122,0.283878,0.390988,0.545872,
123,0.294432,0.370969,0.423581,
124,0.260301,0.420471,0.378486,
126,0.261817,0.440692,0.519608,
127,0.195111,0.452290,0.691011,
128,0.196780,0.415595,0.581152,
129,0.218143,0.397184,0.719298,
132,0.251663,0.389487,0.635838,
133,0.276533,0.334085,0.427948,
134,0.242536,0.435642,0.471366,
135,0.225133,0.529741,0.287500,
139,0.268147,0.373557,0.420091,
140,0.268625,0.347579,0.440594,
141,0.263465,0.330005,0.415525,
142,0.259534,0.435097,0.435407,
144,0.268147,0.391953,0.832258,
147,0.276935,0.418249,0.448598,
148,0.278009,0.520080,0.293893,
149,0.283085,0.527002,0.300000,
150,0.191766,0.346933,0.421801,
151,0.279688,0.367892,0.397436,
152,0.286097,0.410920,0.369048,
153,0.313955,0.393672,0.261905,
154,0.260870,0.448659,0.335079,
155,0.315624,0.421637,0.213974,
156,0.286643,0.401074,0.364444,
157,0.275208,0.427553,0.298561,
158,0.277778,0.425797,0.283465,
160,0.304560,0.379299,0.328185,
162,0.249841,0.419288,0.268382,
163,0.292929,0.420917,0.267281,
164,0.266333,0.500810,0.202749,
165,0.266076,0.372678,0.279070,
166,0.164576,0.457856,0.274436,
167,0.277778,0.485674,0.180000,
168,0.334359,0.763698,0.155172,
169,0.249841,0.386155,0.309160,
170,0.340176,0.416868,0.288618,
171,0.227273,0.344778,0.282178,
172,0.270833,0.350450,0.352518,
173,0.232143,0.399390,0.336100,
174,0.305672,0.408148,0.250965,
175,0.285975,0.416401,0.291667,
176,0.327392,0.481216,0.345178,
178,0.181211,0.519308,0.454545,
180,0.201379,0.320755,0.510526,
181,0.296297,0.384017,0.200000,
182,0.300257,0.396724,0.334928,
183,0.258621,0.414167,0.429268,
184,0.266667,0.412902,0.383929,
185,0.275862,0.363818,0.304000,
186,0.266519,0.383435,0.322957,
187,0.309609,0.400737,0.344828,
188,0.333979,0.400737,0.352697,
189,0.249841,0.512913,0.316239,
190,0.208323,0.481086,0.315789,
191,0.241236,0.410280,0.507692,
192,0.139691,0.362366,0.284404,
193,0.266519,0.466272,0.511416,
194,0.160714,0.381693,0.295359,
195,0.300756,0.419172,0.415888,
196,0.266076,0.456245,0.409692,
198,0.274194,0.439605,0.451327,
199,0.284256,0.333077,0.405530,
202,0.218745,0.352966,0.492147,
203,0.243423,0.421751,0.337209,
204,0.170313,0.469031,0.368182,
205,0.209253,0.427303,0.469484,
206,0.258467,0.419172,0.429204,
207,0.286826,0.401911,0.488479,
210,0.249841,0.488411,0.489796,
213,0.233621,0.457856,0.390244,
214,0.251109,0.398939,0.382775,
216,0.203564,0.364996,0.388646,
217,0.233472,0.458010,0.357759,
218,0.285714,0.391077,0.389908,
219,0.232143,0.417529,0.409910,
220,0.208323,0.412311,0.395349,
221,0.270066,0.393640,0.382353,
222,0.164576,0.432740,0.301653,
223,0.217103,0.375253,0.403587,
224,0.197780,0.453498,0.348624,
225,0.202508,0.362265,0.295154,
226,0.180225,0.448164,0.386266,
227,0.188337,0.450910,0.376106,
228,0.188337,0.379170,0.280000,
229,0.241395,0.363803,0.324786,
230,0.168500,0.346867,0.359833,
231,0.277587,0.429703,0.340314,
232,0.285714,0.441355,0.386047,
234,0.304560,0.410280,0.378641,
235,0.181645,0.429291,0.467033,
236,0.230089,0.433695,0.272727,
237,0.205397,0.389106,0.407960,
238,0.241236,0.478562,0.328767,
239,0.250000,0.418161,0.377193,
240,0.251101,0.413667,0.322727,
241,0.259540,0.341147,0.357143,
242,0.234293,0.374887,0.409091,
243,0.199167,0.499168,0.662791,
244,0.186508,0.388514,0.275109,
245,0.213859,0.320808,0.280702,
246,0.228234,0.347351,0.343612,
247,0.205612,0.280160,0.166667,
248,0.244789,0.383326,0.214592,
249,0.288542,0.412063,0.229437,
250,0.240576,0.430818,0.377193,
252,0.214401,0.452220,0.372197,
253,0.224672,0.380955,0.271930,
254,0.249839,0.300340,0.300000,
255,0.292333,0.482459,0.252874,
256,0.231232,0.360435,0.369863,
257,0.136882,0.429118,0.293578,
258,0.151255,0.343423,0.260700,
259,0.259559,0.460947,0.258065,
260,0.161558,0.418274,0.344037,
261,0.197404,0.412890,0.386957,
262,0.196303,0.396915,0.321429,
263,0.294058,0.371496,0.318386,
264,0.288248,0.438823,0.260377,
265,0.277778,0.449444,0.345992,
266,0.241236,0.352403,0.323944,
267,0.252377,0.419456,0.319838,
268,0.277778,0.399575,0.376190,
270,0.223607,0.477172,0.792208,
271,0.224672,0.440591,0.278226,
272,0.201752,0.467283,0.614379,
273,0.241891,0.507222,0.386792,
274,0.223602,0.445294,0.431472,
275,0.223602,0.439879,0.366812,
276,0.223602,0.370082,0.246753,
277,0.168385,0.346925,0.477778,
278,0.261203,0.281396,0.210744,
279,0.208190,0.341150,0.152174,
280,0.240576,0.321283,0.194444,
281,0.242100,0.410212,0.154412,
282,0.170663,0.353793,0.204724,
283,0.208637,0.415131,0.660606,
284,0.216770,0.467183,0.333333,
285,0.179313,0.380481,0.320388,
286,0.267522,0.430459,0.132000,
288,0.234293,0.358766,0.330049,
293,0.178458,0.510600,0.200000,
297,0.194068,0.493197,0.197761,
299,0.168385,0.534447,0.247012,
300,0.225363,0.538516,0.275194,
302,0.205096,0.404888,0.379679,
304,0.289614,0.420834,0.127490,
306,0.315624,0.418274,0.516304,
309,0.292409,0.473205,0.347222,
310,0.288462,0.503233,0.142349,
311,0.321224,0.457108,0.226619,
312,0.222070,0.418962,0.243902,
313,0.232819,0.374498,0.245902,
314,0.278931,0.459718,0.224409,
315,0.314815,0.447493,0.345992,
316,0.304366,0.458086,0.283951,
317,0.276279,0.372104,0.253846,
318,0.310160,0.438937,0.294355,
319,0.285532,0.384980,0.289157,
320,0.277778,0.427007,0.254902,
321,0.203564,0.500946,0.289796,
322,0.250000,0.418721,0.346491,
324,0.275698,0.599154,0.207885,
325,0.270238,0.522125,0.174545,
326,0.242605,0.375466,0.303030,
330,0.291138,0.538972,0.757353,
331,0.352673,0.462635,0.079812,
332,0.325960,0.494489,0.704762,
333,0.331357,0.482014,0.704000,
334,0.319835,0.523338,0.625000,
335,0.231155,0.509232,1.297872,
336,0.243252,0.390009,0.563218,
337,0.345726,0.481223,1.600000,
338,0.276771,0.401575,0.397321,
339,0.286521,0.390371,0.355856,
340,0.275698,0.402988,0.408654,
342,0.268147,0.434639,0.461187,
343,0.259079,0.383470,0.474227,
344,0.293103,0.408450,0.252874,
352,0.259540,0.401911,0.279693,
353,0.284099,0.439871,0.483568,
354,0.276533,0.500000,0.522613,
355,0.293565,0.409453,0.475336,
357,0.271163,0.430613,0.323420,
358,0.327586,0.375121,0.353846,
360,0.202832,0.486064,0.201493,
362,0.189543,0.565786,0.219269,
363,0.300000,0.474148,0.164516,
364,0.291503,0.333460,0.376106,
365,0.255146,0.422976,0.413793,
366,0.238002,0.436022,0.560976,
367,0.169359,0.497061,0.532020,
368,0.163890,0.350586,0.401961,
369,0.170313,0.424605,0.541436,
370,0.139180,0.437920,0.460465,
371,0.258934,0.447214,0.599034,
372,0.235180,0.428654,0.598985,
373,0.212784,0.393919,0.593458,
375,0.226253,0.457759,0.621891,
376,0.214328,0.417606,0.593750,
379,0.277350,0.374281,0.635870,
380,0.197404,0.503645,0.378378,
387,0.249365,0.384631,0.338645,
388,0.275698,0.496868,0.842105,
389,0.240807,0.437143,0.345238,
390,0.203564,0.447530,0.305344,
391,0.270599,0.435383,0.257042,
392,0.279776,0.515442,0.256228,
393,0.259692,0.389321,0.538889,
394,0.242309,0.356117,0.404444,
397,0.293565,0.410170,0.494624,
400,0.270172,0.484873,16.571429,
401,0.168936,0.457644,0.610465,
402,0.218745,0.467765,0.479381,
403,0.169873,0.497061,0.386364,
404,0.296637,0.531516,-0.446809,
405,0.389462,0.431669,-0.509091,
406,0.229648,0.551411,-0.275109,
407,0.327749,0.498461,-0.346535,
408,0.233326,0.400276,8.444444,
409,0.275862,0.449433,0.194553,
411,0.234388,0.527695,0.407895,
412,0.267704,0.449354,0.619048,
414,0.242955,0.392317,0.240741,
415,0.233204,0.349734,0.543689,
416,0.251038,0.392559,0.353448,
417,0.293103,0.404888,0.398964,
418,0.267704,0.415403,0.457547,
419,0.195929,0.375121,0.410138,
420,0.267556,0.412228,0.398305,
421,0.270774,0.793031,-0.119363,
423,0.277221,0.629053,-0.024390,
424,0.081403,0.447214,0.339535,
429,0.277383,0.430613,0.395556,
430,0.277350,0.409081,0.561905,
432,0.260764,0.401575,0.421277,
433,0.280247,0.539021,0.344000,
434,0.267857,0.408148,0.341880,
435,0.259540,0.450435,0.400000,
436,0.297245,0.439251,0.362069,
437,0.197780,0.429266,0.406250,
438,0.260764,0.495221,0.414141,
439,0.251109,0.439926,0.342857,
440,0.259540,0.517061,0.375566,
441,0.242057,0.430034,0.333333,
442,0.287938,0.565205,0.390244,
443,0.317498,0.419006,0.303150,
444,0.293103,0.467833,0.784722,
445,0.293103,0.376157,0.652482,
446,0.235702,0.767089,0.247863,
447,0.260575,0.834027,0.102041,
448,0.155080,0.682315,0.069149,
450,0.275862,0.569096,0.203762,
451,0.260575,0.263152,1.140000,
452,0.267686,0.387869,0.828358,
453,0.284099,0.638934,0.245223,
454,0.293884,0.555418,0.270916,
455,0.284256,0.335603,0.490385,
456,0.180278,0.317372,0.215447,
457,0.259846,0.456581,0.510000,
458,0.292929,0.387999,0.309013,
459,0.234890,0.456772,0.447674,
460,0.215626,0.437727,0.310345,
461,0.132272,0.441129,0.218045,
462,0.232189,0.410621,0.301370,
463,0.251269,0.489055,0.216912,
464,0.180225,0.501768,0.314961,
465,0.214286,0.477690,0.225926,
466,0.125000,0.525350,0.280156,
468,0.275698,0.468275,0.243902,
469,0.311300,0.491208,0.336996,
470,0.118156,0.683630,0.220497,
471,0.151774,0.565099,0.228873,
476,0.206504,0.663889,0.229560,
478,0.195929,0.754756,0.220217,
479,0.275698,0.674685,0.273016,
480,0.142494,0.419483,0.373494,
481,0.242461,0.473845,0.261905,
482,0.276091,0.349857,0.380952,
483,0.243830,0.368398,0.268595,
484,0.276935,0.421686,0.300380,
486,0.285714,0.495292,0.341463,
487,0.250000,0.494517,0.420513,
488,0.284213,0.402010,0.311284,
489,0.139970,0.431535,0.298077,
490,0.206674,0.460267,0.269663,
491,0.224138,0.510098,0.346154,
492,0.224138,0.464583,0.207746,
493,0.260919,0.528883,0.185567,
494,0.285194,0.470802,0.013201,
495,0.275087,0.532960,0.158621,
496,0.294058,0.495221,0.096026,
497,0.284256,0.530171,0.163009,
498,0.259694,0.436819,0.329502,
499,0.233204,0.509902,0.295455,
500,0.172414,0.447987,0.472727,
501,0.216546,0.507593,0.370833,
502,0.233333,0.466632,0.335938,
504,0.261712,0.523484,0.211806,
505,0.275947,0.440522,0.200000,
506,0.249861,0.506337,0.072607,
507,0.190969,0.514434,0.197232,
508,0.268969,0.510205,0.166667,
509,0.267556,0.496868,0.268707,
510,0.275698,0.582546,0.225000,
511,0.259692,0.546401,0.235294,
512,0.276935,0.501413,0.210169,
513,0.250898,0.516611,0.262799,
514,0.306292,0.531894,0.191558,
515,0.200933,0.505282,0.171617,
516,0.233998,0.447530,0.082803,
517,0.153617,0.519336,-0.006431,
518,0.191249,0.546055,-0.060976,
519,0.169873,0.519875,-0.036474,
520,0.234740,0.508066,-0.036585,
522,0.225338,0.486003,0.131148,
523,0.175724,0.484571,0.111821,
524,0.259533,0.513707,-0.014620,
525,0.340831,0.558440,-0.016713,
526,0.218143,0.538229,-0.067647,
527,0.217307,0.560065,-0.162722,
528,0.202310,0.526292,-0.015773,
529,0.218745,0.502480,0.077399,
530,0.215054,0.528883,0.150641,
531,0.290996,0.577078,0.160131,
532,0.199547,0.547957,0.074766,
533,0.258472,0.548713,0.011834,
534,0.285503,0.611319,0.030726,
535,0.266333,0.546055,-0.031161,
536,0.189206,0.618887,-0.023324,
537,0.185438,0.518722,0.045872,
538,0.233635,0.556721,-0.050595,
540,0.261614,0.561119,-0.242967,
541,0.314089,0.561177,0.078431,
542,0.286787,0.701678,-0.005464,
543,0.282760,0.630509,0.040698,
544,0.188337,0.561177,0.065868,
545,0.249841,0.499189,0.121495,
546,0.258467,0.565305,0.250804,
547,0.242955,0.496781,0.220736,
548,0.275698,0.521536,0.251724,
549,0.265434,0.524426,0.215753,
550,0.233354,0.545362,0.205980,
551,0.225586,0.590313,0.182119,
552,0.172005,0.468165,0.081356,
553,0.233354,0.503940,0.095385,
554,0.257934,0.533578,0.090909,
555,0.290612,0.438624,0.050000,
556,0.211172,0.466168,0.053731,
558,0.192332,0.524236,0.055728,
559,0.226253,0.535835,0.045872,
560,0.190909,0.536892,0.005970,
561,0.227626,0.599398,-0.042424,
562,0.174895,0.609588,-0.131507,
563,0.210931,0.555233,-0.277311,
564,0.111836,0.416710,-0.590759,
565,0.309557,0.439871,-0.100000,
566,0.178923,0.477345,0.022951,
567,0.199889,0.553555,0.136364,
568,0.241951,0.541013,0.128358,
569,0.252429,0.544700,0.005900,
570,0.192332,0.544700,0.034384,
571,0.218745,0.582623,0.030899,
572,0.162549,0.584379,-0.011799,
573,0.207783,0.557722,-0.073973,
574,0.193715,0.689314,-0.120112,
576,0.190184,0.511467,-0.233062,
577,0.220077,0.506049,-0.238227,
578,0.203512,0.542627,-0.297082,
579,0.197705,0.535553,-0.219178,
580,0.240576,0.460907,0.225589,
581,0.251109,0.546850,0.357143,
582,0.222070,0.565305,0.337302,
584,0.258467,0.437222,0.231047,
585,0.231995,0.361880,0.205882,
586,0.250000,0.507215,0.305970,
587,0.232817,0.472449,0.365942,
588,0.311418,0.470278,0.281588,
589,0.266667,0.448406,0.293478,
590,0.283627,0.438232,0.250909,
591,0.279078,0.465444,0.261029,
592,0.306716,0.484996,0.193220,
594,0.333148,0.447675,0.173633,
595,0.163744,0.467522,0.404348,
597,0.152613,0.410056,0.322449,
599,0.155114,0.413020,0.266160,
600,0.317716,0.504785,0.436275,
601,0.274194,0.358140,0.458333,
602,0.276091,0.448406,0.438053,
603,0.241935,0.388696,0.545455,
604,0.234889,0.437237,0.620690,
605,0.259069,0.444168,0.449339,
606,0.305672,0.379299,0.330769,
607,0.276771,0.386570,0.330612,
608,0.168040,0.344554,0.345098,
609,0.292929,0.479157,0.236842,
610,0.240807,0.414293,0.427136,
612,0.301679,0.364625,1.206186,
613,0.297938,0.388246,1.346154,
616,0.270066,0.570826,1.217949,
617,0.249841,0.388903,0.976471,
618,0.268147,0.408805,0.303571,
619,0.291064,0.378522,0.457143,
620,0.182995,0.431006,0.282511,
621,0.330033,0.381926,0.674074,
623,0.269423,0.406149,0.313559,
624,0.277350,0.327648,0.412935,
625,0.287206,0.437606,0.455497,
627,0.268955,0.408441,0.366534,
628,0.321224,0.502571,0.355102,
323,0.233621,0.394942,0.286260,
341,0.260301,0.348083,0.435644,
359,0.154301,0.276204,0.096429,
377,0.242030,0.411896,0.601990,
395,0.215215,0.438529,0.385892,
413,0.267704,0.412152,0.534031,
431,0.294956,0.399627,0.583732,
449,0.260764,0.785635,0.074442,
467,0.224138,0.486003,0.272031,
485,0.221609,0.386994,0.348018,
503,0.225363,0.531894,0.300000,
521,0.234388,0.507718,0.106109,
539,0.240542,0.678981,-0.183616,
557,0.200739,0.532107,0.087613,
575,0.224663,0.628145,-0.238606,
593,0.303291,0.475651,0.171141,
630,0.268742,0.409171,0.405622,
631,0.249861,0.410280,0.305455,
632,0.234518,0.392559,0.323308,
633,0.259863,0.357485,0.296154,
635,0.293103,0.501924,0.279152,
636,0.242107,0.481458,0.269231,
637,0.259692,0.303750,0.329167,
638,0.243252,0.391083,0.355469,
639,0.260764,0.428211,0.321033,
640,0.250000,0.364769,0.329365,
641,0.208323,0.441068,0.342105,
642,0.161558,0.540296,0.262458,
643,0.268147,0.911790,0.240223,
644,0.157453,0.876924,0.099751,
645,0.107010,0.882568,0.121053,
646,0.258472,0.648016,0.297659,
648,0.320156,0.960415,0.151515,
649,0.222855,0.927241,0.119318,
650,0.188853,0.578684,0.179811,
651,0.251269,0.393876,0.297794,
652,0.146880,0.468165,0.247232,
653,0.250000,0.390498,0.221374,
654,0.162379,0.493964,0.243902,
655,0.299833,0.361313,0.293680,
656,0.327878,0.448666,0.216028,
657,0.291957,0.526932,0.280576,
658,0.250000,0.447214,0.235294,
659,0.266076,0.486934,0.275000,
660,0.194883,0.459008,0.200669,
661,0.208200,0.496564,0.167247,
662,0.283333,0.457096,0.079872,
663,0.156786,0.468069,0.269091,
664,0.166574,0.514434,0.195035,
666,0.225229,0.357101,0.320755,
667,0.234890,0.529382,0.248175,
668,0.174121,0.449085,0.234266,
669,0.224138,0.497960,0.212838,
670,0.216667,0.529257,0.243986,
671,0.299833,0.564822,0.104575,
672,0.224138,0.489729,0.087948,
673,0.225363,0.469281,0.110727,
674,0.258934,0.558485,0.197952,
675,0.233263,0.508420,0.260870,
676,0.188337,0.416749,0.233333,
677,0.242605,0.479313,0.251773,
678,0.192789,0.448666,0.232323,
679,0.285714,0.479313,0.061920,
680,0.208323,0.561411,0.157556,
681,0.250000,0.475883,0.072368,
682,0.259079,0.618173,0.041667,
684,0.366463,0.519123,0.229730,
685,0.216771,0.476159,0.175258,
686,0.281927,0.446856,0.254839,
687,0.299336,0.528086,0.168790,
688,0.344828,0.511720,0.116564,
689,0.249446,0.605439,0.160131,
690,0.283741,0.565333,0.189274,
691,0.285532,0.492775,0.163399,
692,0.305477,0.465213,0.106796,
693,0.275862,0.456351,0.137255,
694,0.268955,0.411981,0.070552,
695,0.258467,0.485643,0.162939,
696,0.207218,0.561395,0.172638,
697,0.196780,0.511434,0.191419,
698,0.206406,0.465746,0.156146,
699,0.190347,0.531413,0.159236,
700,0.275465,0.493083,0.057143,
702,0.165840,0.531413,0.187075,
703,0.160306,0.495095,0.162069,
704,0.202646,0.511904,0.035191,
705,0.211913,0.515861,-0.041056,
706,0.174895,0.629169,-0.047619,
707,0.184106,0.577197,-0.074405,
708,0.179513,0.554110,-0.003205,
709,0.135310,0.456946,0.169550,
710,0.139310,0.411981,0.174603,
714,0.188337,0.459573,0.272727,
715,0.224138,0.463626,0.129825,
716,0.251109,0.436830,0.130293,
717,0.277587,0.494052,0.050746,
718,0.242461,0.606804,0.127517,
720,0.236224,0.618872,0.029499,
721,0.203975,0.564684,0.023460,
722,0.189986,0.552827,-0.080110,
723,0.194701,0.681739,-0.141274,
724,0.230730,0.658911,-0.321330,
725,0.172680,0.619889,-0.363636,
726,0.198447,0.604356,-0.451705,
727,0.147547,0.738177,-0.408163,
729,0.251499,0.536067,-0.183288,
730,0.282527,0.552623,-0.025424,
731,0.318394,0.540082,0.005900,
732,0.340298,0.485643,0.092593,
733,0.339914,0.516246,0.151203,
734,0.242057,0.467814,0.334586,
738,0.233204,0.467765,0.247232,
739,0.275862,0.524159,0.254237,
740,0.294956,0.508780,0.266212,
741,0.290323,0.582015,0.228669,
742,0.174018,0.519819,0.220280,
743,0.305816,0.538138,0.270627,
744,0.309609,0.466272,0.278523,
745,0.321911,0.505739,0.245847,
746,0.307096,0.505560,0.222581,
747,0.315095,0.568387,0.154574,
748,0.322714,0.496564,0.220736,
749,0.283741,0.493186,0.171975,
750,0.299833,0.466632,0.185430,
751,0.349225,0.514172,0.168285,
752,0.300756,0.507593,0.182692,
753,0.300923,0.538086,0.322034,
754,0.276771,0.521593,0.259136,
756,0.276935,0.536902,0.112211,
757,0.366463,0.534127,0.225397,
758,0.366073,0.409976,0.003311,
759,0.311115,0.505624,0.207668,
760,0.310160,0.500810,0.225000,
761,0.328541,0.638508,0.165663,
762,0.383333,0.569389,0.115385,
763,0.259534,0.454413,0.157718,
764,0.316667,0.461572,0.312057,
765,0.283454,0.418552,0.078231,
766,0.290323,0.501413,0.299663,
767,0.304560,0.495221,0.218354,
771,0.266667,0.305226,0.621622,
772,0.327965,0.551262,0.242812,
774,0.283333,0.417279,0.349823,
775,0.292109,0.567837,0.256410,
776,0.334996,0.450741,0.362319,
777,0.243252,0.439514,0.231047,
778,0.250898,0.467259,0.265957,
779,0.300000,0.480467,0.189369,
780,0.251101,0.492784,0.112628,
781,0.379867,0.459667,0.228956,
782,0.215215,0.455321,0.281022,
783,0.316993,0.388730,0.275000,
784,0.210915,0.450114,0.236364,
785,0.285532,0.382684,0.341727,
786,0.276935,0.484196,0.369403,
787,0.277350,0.441794,0.327338,
788,0.311115,0.408148,0.345196,
789,0.268147,0.483488,0.306897,
790,0.267704,0.492250,0.323741,
792,0.301679,0.515638,0.307432,
793,0.310562,0.438784,0.208333,
794,0.250898,0.519696,0.191824,
795,0.217730,0.518030,0.150327,
796,0.258934,0.504515,0.082540,
797,0.207830,0.570550,0.212544,
798,0.210714,0.585685,0.109034,
799,0.218745,0.539664,0.036585,
800,0.179802,0.560743,0.011905,
801,0.234533,0.517558,-0.082111,
802,0.220223,0.564333,-0.143678,
803,0.218143,0.607062,-0.181303,
804,0.181552,0.568189,-0.184136,
805,0.248684,0.513760,-0.273256,
806,0.198473,0.555588,-0.152975,
807,0.166840,0.532107,0.068571,
808,0.156047,0.514846,0.020290,
810,0.204975,0.532642,-0.019126,
811,0.272568,0.514203,-0.188202,
812,0.186457,0.590299,-0.192982,
813,0.235426,0.508634,-0.232558,
814,0.180654,0.528623,-0.259366,
815,0.185950,0.470178,-0.324930,
816,0.229171,0.581107,-0.332454,
817,0.229848,0.511212,-0.358333,
818,0.215764,0.474342,0.291829,
819,0.270238,0.485491,0.280899,
820,0.249841,0.418899,0.397541,
821,0.222222,0.508654,0.365297,
825,0.170469,0.509902,0.516393,
841,0.120212,0.424995,0.493976,
842,0.325509,0.465342,0.441026,
844,0.245947,0.414654,0.502591,
846,0.256254,0.401575,0.367150,
847,0.267438,0.376883,0.360190,
848,0.260290,0.377531,0.369668,
849,0.197668,0.403615,0.336538,
850,0.338530,0.405939,0.109756,
851,0.240960,0.326436,0.353234,
852,0.192055,0.433674,0.387283,
853,0.224829,0.407979,0.481481,
854,0.201942,0.426875,0.586207,
855,0.409443,0.441129,0.214953,
856,0.157232,0.408328,0.284946,
857,0.160334,0.405745,0.287293,
858,0.178134,0.409616,0.202381,
859,0.218109,0.437738,0.221557,
860,0.204461,0.454077,0.200000,
861,0.165209,0.437316,0.152941,
862,0.201059,0.402680,0.113636,
864,0.175682,0.457787,2.567568,
865,0.173926,0.533974,0.619048,
866,0.158710,0.440631,0.762887,
867,0.169199,0.414241,0.855072,
868,0.171499,0.424176,0.555556,
869,0.153618,0.387969,0.271318,
870,0.155432,0.461121,0.148148,
871,0.138694,0.427582,-0.029412,
872,0.144229,0.408333,-0.156250,
873,0.187808,0.396849,-0.304878,
874,0.322585,0.417640,-0.051724,
875,0.281685,0.430207,0.385366,
876,0.162398,0.439251,0.302439,
877,0.267857,0.428110,0.186047,
878,0.274627,0.485126,0.326531,
879,0.260301,0.475329,0.221790,
880,0.258467,0.420476,0.276680,
882,0.225229,0.439099,0.289062,
883,0.242461,0.437901,0.285185,
884,0.259259,0.439251,0.285171,
885,0.275698,0.487251,0.302041,
886,0.287754,0.386364,0.307377,
892,0.275465,0.439372,0.213178,
893,0.303378,0.484693,0.041270,
896,0.215215,0.343662,1.201835,
898,0.186891,0.448164,0.331984,
900,0.303571,0.401994,0.297398,
901,0.249841,0.421751,0.320755,
902,0.304895,0.480038,0.303644,
903,0.308661,0.302010,0.201058,
904,0.268798,0.361375,0.333333,
905,0.294956,0.363523,0.307692,
906,0.316993,0.448375,0.521505,
907,0.303571,0.459718,0.303846,
908,0.286703,0.423454,0.333333,
909,0.294058,0.466611,0.262097,
910,0.251269,0.492250,0.305019,
911,0.277844,0.516666,0.318352,
912,0.242924,0.397984,0.425101,
915,0.199167,0.484862,0.427966,
916,0.316993,0.391077,0.327138,
918,0.233412,0.428110,0.294915,
919,0.242273,0.447890,0.282392,
920,0.261891,0.476776,0.268707,
921,0.298398,0.344181,0.250896,
922,0.304489,0.371244,0.385892,
923,0.292929,0.429057,0.407080,
924,0.300756,0.505739,0.349810,
925,0.258621,0.384708,0.329502,
926,0.285136,0.477115,0.363636,
927,0.303571,0.438112,0.277580,
928,0.278009,0.399390,0.279693,
929,0.258467,0.458920,0.323194,
930,0.292409,0.531915,0.266212,
931,0.259540,0.529257,0.237589,
932,0.294432,0.475300,0.235915,
933,0.300923,0.509741,0.282686,
934,0.275208,0.514545,0.268817,
629,0.300923,0.401911,0.366038,
647,0.300348,1.126299,0.143836,
665,0.241379,0.442630,0.328244,
683,0.301178,0.669295,0.035088,
701,0.297786,0.473035,0.070740,
719,0.163744,0.547957,0.125767,
737,0.276935,0.422041,0.382239,
755,0.300000,0.477700,0.250000,
773,0.217730,0.540644,0.217252,
791,0.291064,0.587885,0.291525,
809,0.178050,0.604776,-0.025281,
827,0.309173,0.396343,0.520548,
845,0.276279,0.365673,0.497076,
863,0.161031,0.394720,0.037267,
881,0.283627,0.429118,0.333333,
899,0.286826,0.496868,0.363281,
936,0.267556,0.572760,0.237736,
937,0.234518,0.434166,0.237589,
938,0.170663,0.412890,0.277154,
939,0.152290,0.489434,0.320463,
940,0.147160,0.484862,0.393701,
941,0.172949,0.448164,0.362205,
942,0.160306,0.441068,0.326271,
943,0.146416,0.461065,0.348000,
944,0.215007,0.507366,0.338462,
945,0.259692,0.390812,0.362595,
946,0.278009,0.487251,0.386719,
947,0.258621,0.458010,0.335907,
948,0.260397,0.504372,0.258427,
949,0.214536,0.486891,0.268657,
950,0.206897,0.468993,0.257576,
951,0.196303,0.519123,0.284615,
952,0.163744,0.501924,0.335878,
954,0.214401,0.521364,0.260536,
955,0.175002,0.492548,0.290076,
956,0.146379,0.460327,0.292818,
957,0.199167,0.428654,0.304833,
958,0.133728,0.491425,0.305660,
959,0.131819,0.487590,0.286245,
960,0.168824,0.443418,0.209386,
961,0.210254,0.461176,0.177700,
962,0.225586,0.446479,0.247423,
963,0.280247,0.411981,0.432161,
964,0.287754,0.469031,0.312727,
965,0.303571,0.427503,0.324723,
966,0.217103,0.383116,0.265385,
967,0.279094,0.447103,0.265734,
968,0.305672,0.410365,0.350554,
969,0.242273,0.371496,0.307692,
970,0.303571,0.419456,0.328467,
972,0.327878,0.470494,0.184211,
973,0.240000,0.453691,0.197080,
975,0.305477,0.400390,0.301471,
977,0.258467,0.420725,0.394366,
980,0.223144,0.480881,0.313953,
981,0.240807,0.415403,0.341772,
982,0.285532,0.393083,0.302905,
983,0.258008,0.626598,0.238596,
984,0.242030,0.536410,0.222951,
985,0.261176,0.492264,0.368932,
986,0.285532,0.447560,0.236559,
987,0.276771,0.412228,0.316602,
988,0.276771,0.428086,0.339768,
990,0.276935,0.429397,0.273764,
991,0.294002,0.399660,0.289855,
992,0.300756,0.383435,0.355212,
993,0.258467,0.409570,0.389558,
994,0.259694,0.436937,0.330709,
995,0.295132,0.307534,0.419913,
996,0.327392,0.488411,0.355372,
997,0.283333,0.417415,0.274900,
998,0.286643,0.441170,0.259542,
999,0.249861,0.394383,0.332061,
0,0.197906,0.349787,0.335878,
1,0.327988,0.355692,0.450450,
2,0.249841,0.379658,0.393443,
3,0.274051,0.362778,0.344262,
4,0.310562,0.386430,0.296578,
5,0.275698,0.438823,0.379167,
6,0.356915,0.491965,0.496241,
8,0.285714,0.349215,0.370213,
9,0.276935,0.356117,0.355372,
10,0.259694,0.397425,0.300813,
11,0.276091,0.385956,0.384921,
12,0.250000,0.427796,0.322835,
13,0.197404,0.412461,0.299611,
14,0.275698,0.450741,0.323077,
15,0.226655,0.410621,0.337302,
16,0.235228,0.459573,0.269784,
17,0.251109,0.410826,0.321839,
18,0.241379,0.499775,0.328904,
19,0.233263,0.691250,0.223796,
21,0.241935,0.784201,-0.011429,
22,0.296776,0.701761,0.188366,
23,0.226790,0.599723,0.298742,
26,0.241236,0.439240,0.370370,
27,0.215764,0.376755,0.421875,
28,0.242605,0.428968,0.249084,
29,0.180225,0.419263,0.209386,
30,0.223602,0.388819,0.234114,
31,0.201980,0.419699,0.155629,
32,0.303933,0.453024,0.102990,
33,0.226253,0.550072,0.129371,
34,0.229848,0.429944,0.216730,
35,0.161465,0.497061,0.257951,
36,0.276771,0.387869,0.266667,
37,0.251896,0.395139,0.234375,
38,0.240960,0.447214,0.196296,
39,0.280055,0.407665,0.227799,
40,0.293565,0.430040,0.285714,
41,0.250000,0.291821,0.205534,
42,0.205804,0.471456,0.284133,
44,0.201059,0.473651,0.129771,
45,0.225586,0.451130,0.260000,
46,0.200816,0.423767,0.187739,
47,0.265356,0.410977,0.220339,
48,0.233553,0.459375,0.190661,
49,0.234907,0.353553,0.118081,
50,0.243252,0.410913,0.219424,
51,0.260301,0.466535,0.355212,
52,0.294432,0.428587,0.427928,
53,0.278533,0.486947,0.453333,
54,0.258472,0.466163,0.351464,
55,0.215058,0.367549,0.251969,
56,0.275465,0.506065,0.250965,
57,0.261320,0.413077,0.106299,
58,0.292727,0.399043,0.201581,
59,0.223910,0.480569,0.231618,
60,0.236224,0.473184,0.348178,
63,0.250000,0.379260,0.356275,
69,0.197405,0.317070,0.204947,
70,0.260575,0.359847,0.339223,
71,0.243082,0.419263,0.400000,
72,0.136579,0.447214,0.310861,
73,0.259540,0.470021,0.291045,
74,0.303571,0.489560,0.293040,
75,0.255198,0.380521,0.229391,
76,0.278931,0.470386,0.308271,
77,0.286826,0.401911,0.292857,
78,0.278009,0.378399,0.344203,
80,0.269126,0.372597,0.364662,
81,0.251269,0.459573,0.316547,
82,0.259846,0.519123,0.285714,
83,0.249841,0.488065,0.250000,
84,0.334257,0.516733,0.218954,
87,0.310160,0.396812,0.340580,
88,0.192308,0.417405,0.250000,
89,0.241379,0.409171,0.295775,
90,0.286643,0.333269,0.316901,
91,0.251269,0.326089,0.351449,
92,0.283333,0.374566,0.352273,
93,0.158464,0.530171,0.264605,
94,0.181992,0.609781,0.269737,
95,0.162499,0.793521,0.205521,
96,0.254813,0.881238,0.161765,
98,0.300923,0.824451,0.103352,
99,0.226790,0.820545,0.119221,
100,0.156880,0.646265,0.144144,
101,0.096898,0.632118,0.282230,
102,0.251406,0.332730,0.366197,
103,0.223602,0.468860,0.293515,
104,0.198197,0.790569,0.164179,
105,0.232143,0.468069,0.251852,
106,0.249841,0.468165,0.340824,
107,0.233621,0.458208,0.300725,
108,0.199675,0.419263,0.313653,
109,0.197780,0.478209,0.322344,
110,0.174852,0.544405,0.281022,
111,0.213285,0.470416,0.290909,
112,0.215626,0.412228,0.343750,
113,0.180340,0.388881,0.233463,
114,0.188337,0.420386,0.294545,
116,0.268969,0.557218,0.154882,
117,0.258934,0.510572,-0.047468,
118,0.156460,0.493779,0.054839,
119,0.196491,0.506594,-0.012500,
120,0.286929,0.651795,-0.121212,
121,0.195306,0.514172,-0.175385,
122,0.187409,0.390812,-0.239057,
123,0.208637,0.414293,0.173077,
124,0.258934,0.410264,0.175439,
125,0.301178,0.422443,0.148551,
126,0.225586,0.481275,0.169675,
127,0.277350,0.466392,0.189003,
128,0.243579,0.454618,0.144404,
129,0.225586,0.431633,0.118705,
130,0.226482,0.444243,0.147368,
131,0.282843,0.457759,0.130742,
132,0.291064,0.478446,0.181185,
134,0.206774,0.450522,0.218182,
135,0.310562,0.426365,0.204633,
136,0.323201,0.535775,0.312268,
137,0.232363,0.415673,0.341564,
138,0.345482,0.416655,0.662338,
139,0.322585,0.431874,0.951456,
140,0.268147,0.427652,0.532258,
141,0.300257,0.352642,0.422222,
142,0.301679,0.473783,0.361111,
143,0.317716,0.491379,0.342308,
144,0.345726,0.430459,0.320557,
145,0.301679,0.429943,0.257840,
146,0.327392,0.511904,0.267327,
147,0.327668,0.558504,0.235110,
148,0.321429,0.505622,0.193038,
149,0.283333,0.525226,0.217252,
150,0.275862,0.519257,0.179245,
152,0.224138,0.606707,0.092308,
153,0.284988,0.493865,0.290102,
154,0.276279,0.447124,0.291367,
155,0.259846,0.557980,0.254072,
156,0.233263,0.538970,0.247649,
157,0.241236,0.563678,0.217105,
158,0.260919,0.545785,0.201987,
159,0.249861,0.478446,0.259928,
160,0.267704,0.411915,0.208633,
161,0.219109,0.515861,0.173333,
162,0.291064,0.438232,0.264407,
163,0.258467,0.506885,0.218543,
164,0.209626,0.505572,0.261649,
165,0.213130,0.518002,0.233449,
166,0.258621,0.432672,0.247232,
167,0.209704,0.576199,0.294326,
168,0.208323,0.388008,0.220339,
170,0.285532,0.474176,0.136213,
171,0.240576,0.533506,0.098592,
172,0.261176,0.542064,0.094156,
173,0.168317,0.533884,0.193333,
174,0.269032,0.531126,-0.008929,
175,0.250000,0.549273,0.044776,
176,0.262689,0.578690,-0.062130,
177,0.242030,0.539457,0.032362,
178,0.197780,0.447586,0.268116,
179,0.173708,0.615725,0.190939,
180,0.241891,0.579636,0.124161,
182,0.194212,0.537008,0.112583,
183,0.259082,0.430775,0.372197,
184,0.224672,0.411597,0.331776,
185,0.258467,0.371777,0.490291,
186,0.156737,0.470208,0.310044,
188,0.286643,0.423708,0.420354,
189,0.251109,0.346867,0.247967,
190,0.258467,0.412311,0.294118,
191,0.205096,0.519861,0.206767,
192,0.300000,0.497982,0.275194,
193,0.241236,0.510600,0.235955,
194,0.178458,0.522521,0.282443,
195,0.258008,0.549961,0.297398,
196,0.285714,0.484862,0.259542,
197,0.242605,0.517651,0.333333,
198,0.256221,0.394280,0.276596,
199,0.234740,0.410085,0.270270,
200,0.251896,0.525899,0.282443,
201,0.220298,0.467765,0.313253,
202,0.259540,0.517061,0.212329,
203,0.267556,0.447987,0.227106,
204,0.284256,0.541561,0.206667,
206,0.267556,0.452220,0.287823,
207,0.285532,0.488411,0.288194,
208,0.258621,0.491425,0.223368,
209,0.234518,0.457759,0.323636,
210,0.333979,0.549831,0.214047,
214,0.316491,0.445325,0.036932,
215,0.204280,0.403679,0.107884,
216,0.169796,0.432533,-0.434944,
220,0.285194,0.556781,0.072917,
222,0.250482,0.452220,0.235741,
224,0.316795,0.538003,0.283019,
225,0.251184,0.431633,0.279528,
226,0.344828,0.429118,0.303704,
227,0.328346,0.497982,0.247232,
228,0.333445,0.440522,0.219512,
229,0.262689,0.403742,0.329710,
230,0.238016,0.380096,0.376866,
231,0.271966,0.370234,0.357414,
232,0.243685,0.472610,0.286738,
233,0.268285,0.492538,0.307143,
234,0.320612,0.442417,0.194853,
235,0.234293,0.456721,0.210526,
236,0.258621,0.493865,0.257143,
237,0.208200,0.466535,0.243816,
238,0.217851,0.483433,0.126280,
239,0.217103,0.494333,0.085526,
240,0.183232,0.519584,0.070968,
935,0.311515,0.478386,0.012384,
953,0.216689,0.438823,0.280156,
971,0.268955,0.419753,0.266904,
989,0.226655,0.412311,0.342520,
25,0.243685,0.510732,0.301639,
43,0.258472,0.404226,0.240175,
61,0.242536,0.416834,0.240157,
79,0.267686,0.470767,0.285211,
97,0.303933,0.857623,0.280936,
115,0.174121,0.478681,0.274648,
133,0.334996,0.440145,0.119718,
151,0.258621,0.559933,0.149068,
169,0.285714,0.492826,0.195946,
187,0.303571,0.393247,0.355856,
205,0.275698,0.527695,0.200000,
223,0.294956,0.416863,0.287449,
241,0.151566,0.472610,-0.015773,
259,0.163720,0.510852,0.068729,
277,0.218975,0.465705,-0.498403,
305,0.297786,0.472264,0.365145,
611,0.311515,0.375759,1.045455,
917,0.303378,0.428086,0.275618,
242,0.137361,0.539664,-0.059190,
243,0.162482,0.500000,-0.061093,
244,0.201268,0.555950,-0.187500,
245,0.178923,0.491425,-0.210692,
246,0.168317,0.550322,-0.269231,
247,0.209242,0.401498,-0.319218,
248,0.201752,0.465342,0.140221,
249,0.211913,0.467269,0.301158,
250,0.201752,0.557811,0.256809,
251,0.215215,0.477193,0.207407,
252,0.169736,0.525708,0.201389,
253,0.202646,0.467492,0.246528,
254,0.192332,0.504112,0.191336,
255,0.207830,0.407470,0.161765,
256,0.162130,0.499137,0.110294,
257,0.162130,0.503917,0.100372,
258,0.167944,0.569675,0.058020,
260,0.149917,0.517061,-0.087948,
261,0.173429,0.505622,-0.088525,
262,0.178754,0.522045,-0.201954,
263,0.184984,0.535600,-0.171975,
264,0.218046,0.599453,-0.207120,
265,0.137361,0.541688,-0.319277,
266,0.194730,0.535269,-0.292754,
267,0.202832,0.691175,-0.391011,
268,0.217626,0.546608,-0.432877,
269,0.113779,0.566418,-0.573913,
270,0.184242,0.419939,-0.597015,
271,0.168090,0.379473,-0.655870,
272,0.148869,0.365329,-0.698745,
273,0.136301,0.391225,-0.560784,
274,0.168167,0.352838,-0.678715,
275,0.180258,0.335201,-0.656489,
276,0.179977,0.444805,-0.591241,
278,0.164399,0.455740,-0.469256,
279,0.238657,0.564828,-0.347432,
280,0.190184,0.521593,-0.442368,
281,0.227626,0.468599,-0.420732,
282,0.220237,0.524985,0.070175,
283,0.303137,0.417640,0.449735,
284,0.239517,0.223607,1.463415,
285,0.252354,0.392878,0.485000,
289,0.210254,0.469776,0.367257,
290,0.204834,0.516362,0.254032,
291,0.195111,0.432231,0.319502,
292,0.232529,0.463942,0.226277,
293,0.239517,0.452520,0.136364,
294,0.319904,0.489233,0.138158,
295,0.262689,0.472010,0.230189,
296,0.285194,0.493197,0.156028,
297,0.268700,0.454940,0.261993,
298,0.236224,0.561978,0.277567,
299,0.293966,0.462343,0.069307,
300,0.209483,0.592163,0.180212,
301,0.244902,0.569797,0.334661,
