0,0.250000,0.418062,0.193182,0
1,0.215626,0.493077,0.165493,0
2,0.186891,0.563397,0.211604,0
3,0.142348,0.386862,0.217712,0
4,0.238675,0.421998,0.144330,0
5,0.331076,0.563803,0.097701,0
6,0.321524,0.458968,0.125333,0
7,0.240255,0.516626,0.215094,0
8,0.103387,0.638551,0.364662,0
9,0.215215,0.515561,0.272425,0
10,0.230829,0.596410,0.164948,0
11,0.286097,0.530799,0.122581,0
12,0.256518,0.502151,0.161290,0
13,0.289614,0.382366,0.183544,0
14,0.330438,0.738270,0.102190,0
15,0.299833,0.627878,0.071078,0
16,0.295630,0.652514,0.098592,0
20,0.215626,0.506594,0.165605,0
21,0.278533,0.518225,0.116766,0
22,0.240083,0.567303,0.091954,0
23,0.242107,0.477621,0.228374,0
24,0.249710,0.587999,0.290657,0
25,0.343297,0.547870,0.253205,0
26,0.251663,0.619039,0.116477,0
27,0.268700,0.668843,0.134111,0
28,0.346962,0.459046,0.157895,0
29,0.230769,0.582048,0.458515,0
31,0.310562,0.525506,0.255385,0
32,0.206406,0.514149,0.285235,0
33,0.181071,0.481485,0.222973,0
34,0.212973,0.455110,0.273973,0
36,0.250855,0.507673,0.307116,0
37,0.276279,0.557210,0.135977,0
38,0.320193,0.441866,0.233577,0
39,0.285044,0.567147,0.288194,0
40,0.208200,0.545279,0.206687,0
41,0.280055,0.643223,0.428571,0
42,0.308757,0.620590,0.097257,0
43,0.268802,0.491276,0.183280,0
44,0.233635,0.518225,0.089776,0
45,0.279417,0.487917,0.236434,0
46,0.252771,0.456931,0.451754,0
47,0.253229,0.429980,0.502110,0
48,0.259863,0.536656,0.511450,0
51,0.240255,0.439291,0.436893,0
52,0.265356,0.505710,0.230530,0
54,0.251724,0.603723,0.260073,0
55,0.291667,0.399520,0.311741,0
56,0.212502,0.666920,0.213559,0
57,0.269800,0.489476,0.233083,0
58,0.280055,0.496139,0.431034,0
59,0.186891,0.552074,0.438017,0
61,0.249780,0.471405,0.273543,0
63,0.273967,0.563610,0.221854,0
64,0.259064,0.572890,0.224638,0
67,0.289414,0.653575,0.263323,0
70,0.160612,0.342997,0.410256,0
17,0.293610,0.607135,0.155280,0
35,0.259863,0.502373,0.314754,0
53,0.270172,0.388246,0.422535,0
7,0.217103,0.751037,0.481203,0
25,0.200000,0.492923,0.569444,0
43,0.241236,0.683952,0.397213,0
61,0.355098,0.575220,0.046448,0
79,0.164154,0.520200,-0.02122,0
97,0.309362,0.549132,0.025974,0
15,0.230599,0.656362,0.015198,0
39,0.281546,0.477842,0.071875,0
57,0.151096,0.639644,-0.098667,0
75,0.365441,0.608949,0.092896,0
93,0.333105,0.522667,0.151899,0
11,0.209242,0.473027,0.134796,0
29,0.312130,0.606070,-0.057307,0
47,0.284111,0.628548,-0.055138,0
65,0.167655,0.507437,0.061453,0
83,0.143801,0.467536,-0.381089,0
1,0.254813,0.465434,0.095506,0
19,0.364675,0.410920,0.100000,0
37,0.314035,0.668351,0.170732,0
74,0.192308,0.518756,0.409283,0
75,0.210396,0.409718,0.452055,0
76,0.233263,0.478024,0.255738,0
77,0.249264,0.543984,0.171141,0
78,0.286688,0.532708,0.203883,0
79,0.153732,0.440584,0.243446,0
80,0.174852,0.382099,0.280156,0
81,0.252771,0.744290,0.235669,0
86,0.289107,0.475601,0.147860,0
87,0.262421,0.605011,0.195804,0
88,0.233553,0.424004,0.311404,0
91,0.233354,0.556690,0.258278,0
92,0.269231,0.500367,1.717647,0
93,0.405793,0.766170,0.036496,0
95,0.355451,0.402248,0.066964,0
96,0.257513,0.484371,0.687500,0
98,0.276279,0.582048,0.266667,0
99,0.203564,0.653281,0.252252,0
0,0.249878,0.538646,0.219512,0
1,0.296296,0.395913,0.634731,0
6,0.240000,0.558485,0.357977,0
8,0.187019,0.590540,0.338235,0
9,0.260575,0.520893,0.463830,0
11,0.196303,0.447901,0.608696,0
12,0.196303,0.395285,0.267943,0
14,0.194695,0.527046,0.381877,0
15,0.208323,0.571772,0.309524,0
16,0.234518,0.594524,0.306189,0
17,0.185185,0.627087,0.384328,0
18,0.282706,0.521536,0.476190,0
19,0.226835,0.601544,0.247863,0
20,0.222070,0.687748,0.089744,0
21,0.259069,0.483906,0.238235,0
22,0.242079,0.412164,0.427350,0
23,0.161945,0.558049,0.736559,0
24,0.214875,0.431907,0.488038,0
26,0.251663,0.559862,0.230986,0
27,0.258467,0.580343,0.237288,0
28,0.217730,0.613941,0.396154,0
29,0.257930,0.682877,0.290698,0
30,0.227626,0.703126,0.352941,0
31,0.313126,0.808469,0.335196,0
32,0.282843,0.586681,0.393939,0
36,0.227980,0.523130,0.326471,0
37,0.145120,0.480004,0.363636,0
38,0.183232,0.489022,0.187661,0
39,0.237548,0.557086,0.246429,0
40,0.186814,0.579605,0.136646,0
41,0.138881,0.568381,0.220077,0
42,0.055404,0.411211,1.149533,0
44,0.287641,0.540279,0.151203,0
45,0.190909,0.475651,0.181818,0
46,0.267686,0.424668,0.127168,0
47,0.305616,0.508465,0.062500,0
48,0.319223,0.512759,0.015152,0
49,0.356353,0.528859,0.019324,0
50,0.200980,0.459586,0.045946,0
51,0.280000,0.511720,0.273973,0
52,0.230089,0.613432,0.246667,0
53,0.231995,0.474176,0.273649,0
54,0.282791,0.575712,0.036458,0
55,0.377614,0.812277,-0.023684,0
56,0.248684,0.485666,-0.018088,0
57,0.242079,0.469900,-0.067669,0
58,0.271061,0.442699,-0.038741,0
59,0.328629,0.532368,-0.075426,0
60,0.261275,0.523344,0.015075,0
62,0.279481,0.400650,0.074184,0
63,0.342366,0.587134,0.049505,0
64,0.385010,0.628828,0.009926,0
65,0.299763,0.465769,0.004878,0
66,0.338097,0.612686,-0.028369,0
67,0.221302,0.635071,-0.078759,0
68,0.211645,0.546184,-0.130864,1
69,0.293560,0.577479,-0.025822,1
70,0.292439,0.546585,0.082474,1
71,0.312348,0.531148,0.124365,1
72,0.281745,0.526033,0.115789,1
73,0.249097,0.478852,0.115282,1
74,0.228351,0.471367,-0.049751,1
75,0.209189,0.474045,-0.119593,1
76,0.235296,0.489389,-0.240000,1
77,0.288444,0.472493,-0.284211,1
78,0.288444,0.479081,-0.257979,1
80,0.313126,0.527695,0.238636,1
81,0.303030,0.504128,0.224756,1
82,0.275518,0.529323,0.045340,1
83,0.317302,0.438108,0.063613,1
84,0.124591,0.578836,0.000000,1
85,0.298760,0.653717,0.034314,1
86,0.338264,0.611332,0.083744,1
87,0.353335,0.639367,0.095652,1
88,0.278009,0.553718,0.134503,1
89,0.231553,0.625629,0.196262,1
90,0.257968,0.877392,0.066038,1
91,0.242461,0.796333,0.108571,1
92,0.266519,0.558094,0.245902,1
93,0.242107,0.474287,0.162242,1
94,0.267686,0.554506,0.037037,0
95,0.253686,0.664863,0.083990,0
96,0.346966,0.403747,0.054054,0
98,0.257513,0.323443,0.090592,0
1,0.286299,0.461122,0.016713,0
2,0.239157,0.604482,0.267101,0
3,0.269551,0.501497,0.167582,0
4,0.265327,0.451779,0.206128,0
5,0.333148,0.487421,0.238636,0
6,0.273625,0.535705,0.361775,0
7,0.266519,0.440475,0.360269,0
8,0.233919,0.541070,0.215789,0
9,0.250851,0.549761,0.208481,0
10,0.192932,0.548713,0.128205,0
11,0.241611,0.505133,0.139818,0
12,0.230769,0.487327,-0.006431,0
13,0.241462,0.892038,0.058824,0
14,0.206774,0.867971,0.033613,0
16,0.255251,0.679711,0.099398,0
17,0.266030,0.464666,0.087500,0
18,0.259079,0.486845,0.122867,0
19,0.233553,0.505076,0.098413,0
20,0.277221,0.574412,0.052632,0
21,0.307715,0.488001,0.088235,0
22,0.232495,0.435306,0.076923,0
23,0.246932,0.487349,0.127517,0
24,0.262893,0.577644,0.028302,0
25,0.348055,0.520306,0.048930,0
26,0.315835,0.515442,0.036842,0
27,0.233333,0.687312,0.040404,0
28,0.352794,0.582535,0.020997,0
29,0.324742,0.475059,-0.227160,0
30,0.326100,0.544896,-0.116945,0
37,0.332009,0.491007,-0.072000,0
38,0.309040,0.528352,0.091445,0
40,0.149071,0.524373,-0.100000,0
41,0.276414,0.597644,-0.127551,0
42,0.253747,0.505514,-0.026738,0
43,0.242951,0.461345,0.068750,0
44,0.241395,0.526262,0.066066,0
45,0.310504,0.687263,-0.024129,0
46,0.328316,0.597145,-0.047872,0
47,0.338907,0.579751,-0.055703,0
48,0.316841,0.510662,0.069164,0
49,0.251455,0.532107,-0.088083,0
50,0.310504,0.537755,-0.153453,0
51,0.300438,0.528909,-0.155718,0
52,0.338054,0.630012,-0.111650,0
53,0.324772,0.548426,-0.025510,0
54,0.429918,0.614151,-0.023077,0
55,0.373439,0.577519,-0.061425,0
56,0.185438,0.624630,-0.080519,0
58,0.177923,0.579324,-0.067885,0
59,0.267943,0.502910,-0.082667,0
60,0.168824,0.578599,-0.041436,0
61,0.150718,0.649806,-0.066667,1
62,0.152098,0.545433,-0.195592,1
63,0.166361,0.570978,-0.149171,1
64,0.271134,0.602310,-0.134048,1
65,0.289811,0.668562,-0.078740,1
66,0.271134,0.551713,-0.002882,1
67,0.242552,0.509160,0.037143,1
68,0.185950,0.495153,-0.045070,1
69,0.137493,0.482922,-0.041096,1
70,0.167146,0.526262,-0.104000,1
71,0.317342,0.585826,0.028011,1
72,0.261203,0.522993,0.157509,1
73,0.299274,0.527046,0.050167,1
74,0.256502,0.501557,0.134111,1
76,0.348055,0.573557,0.127479,0
77,0.257934,0.550842,0.146341,0
78,0.321524,0.587004,0.190476,0
79,0.327653,0.545705,0.229508,0
80,0.242100,0.553771,0.200669,0
81,0.175286,0.446223,0.207143,1
82,0.192055,0.499328,0.140299,1
83,0.124682,0.501497,0.057348,1
84,0.276789,0.491971,0.148368,1
85,0.248790,0.512418,0.127072,1
86,0.223607,0.540985,0.155709,1
87,0.223449,0.563610,0.150327,1
88,0.187698,0.587295,0.208904,1
89,0.190644,0.549833,0.181818,1
90,0.296093,0.666973,0.111111,1
91,0.270597,0.638336,0.151203,1
92,0.295487,0.546353,-0.006645,1
94,0.310597,0.553435,0.252492,1
95,0.307980,0.484571,0.183824,0
96,0.267451,0.431922,0.126812,0
97,0.248759,0.513567,0.197674,0
98,0.303378,0.502373,0.210843,0
99,0.355334,0.509163,0.143284,0
0,0.296637,0.601664,0.071207,0
1,0.242030,0.483225,0.176812,0
2,0.327653,0.592236,0.297578,0
3,0.258621,0.515072,0.223827,0
4,0.315965,0.561036,0.292605,0
5,0.305916,0.522384,0.192771,0
6,0.259259,0.533582,0.115987,0
7,0.305477,0.596854,0.224684,0
8,0.275465,0.491712,0.219745,0
9,0.291216,0.576784,0.132653,1
10,0.242100,0.464114,0.050633,1
12,0.226253,0.470202,0.096154,1
13,0.200933,0.500000,0.199313,1
14,0.265085,0.576305,0.169184,1
15,0.213595,0.525226,0.190031,0
16,0.331764,0.477814,0.174312,0
17,0.313571,0.501109,0.230769,0
18,0.266376,0.491385,0.173252,0
19,0.264698,0.481738,0.153203,0
20,0.331042,0.552002,0.120787,0
21,0.315161,0.604245,0.135870,0
22,0.307481,0.535990,0.153631,0
23,0.327745,0.473537,0.160458,0
24,0.265356,0.560514,0.202572,0
25,0.305495,0.493299,0.129032,0
26,0.280806,0.683017,0.105128,0
27,0.313293,0.718022,0.051020,0
28,0.293610,0.632456,-0.030769,0
30,0.147407,0.596359,-0.065574,0
31,0.171499,0.580814,-0.106267,1
32,0.230563,0.610092,-0.223077,1
33,0.343401,0.548491,-0.121891,1
34,0.273299,0.528234,-0.080214,1
35,0.311317,0.479093,0.025862,1
36,0.280796,0.543205,0.134328,1
37,0.235567,0.629070,0.075521,1
38,0.273974,0.540466,0.060209,1
39,0.209452,0.522034,0.219595,1
40,0.282791,0.558804,0.221893,1
41,0.309326,0.500192,0.220820,1
42,0.307986,0.582632,0.321799,1
43,0.263803,0.457171,0.137931,1
44,0.273757,0.520206,0.099723,1
45,0.290996,0.508348,0.055409,1
46,0.253463,0.456619,-0.026954,1
48,0.153104,0.602622,0.117978,1
49,0.272919,0.646381,0.161765,1
50,0.223607,0.534625,0.125000,1
51,0.193640,0.483537,0.191837,1
52,0.105902,0.480961,0.072948,1
53,0.071593,0.523053,0.058989,1
54,0.225189,0.446195,-0.025788,1
55,0.223659,0.497624,0.033333,1
56,0.216641,0.458463,0.057851,1
57,0.240329,0.546045,0.198777,1
58,0.229698,0.479709,0.195195,1
59,0.140843,0.581601,0.097222,1
60,0.120358,0.525509,-0.002778,1
61,0.116088,0.607030,0.007874,1
62,0.221302,0.603573,0.115789,1
63,0.258531,0.584379,0.094044,1
64,0.216630,0.460517,0.134328,1
66,0.240972,0.455147,0.000000,1
67,0.265085,0.436516,-0.029973,1
68,0.259684,0.640043,-0.007712,1
69,0.285443,0.460618,0.131653,1
70,0.272568,0.429584,0.171014,1
71,0.195111,0.507437,0.142857,1
72,0.322212,0.532531,0.333333,1
73,0.131910,0.498665,-0.046961,1
74,0.158158,0.547448,0.019886,1
75,0.288462,0.538138,0.119231,1
76,0.235483,0.568351,0.048571,1
77,0.303547,0.586118,0.066890,1
78,0.200650,0.528261,0.038043,1
79,0.224776,0.458150,-0.061453,1
80,0.201415,0.526831,-0.024862,1
81,0.205475,0.497624,-0.122563,1
82,0.263820,0.474707,-0.246537,1
84,0.250010,0.497628,-0.125000,1
85,0.199889,0.481122,0.103226,1
86,0.283333,0.546211,0.255639,1
87,0.297739,0.517913,0.112150,1
88,0.242079,0.495653,0.022346,1
89,0.263402,0.535180,-0.019074,1
90,0.232911,0.487170,-0.122340,1
91,0.191766,0.471988,-0.227405,1
92,0.210931,0.509732,-0.317365,1
93,0.173043,0.456337,-0.472303,1
94,0.162913,0.538791,0.200647,1
95,0.218745,0.502578,0.216667,1
96,0.197693,0.495153,0.181818,1
97,0.289828,0.473845,0.122378,1
98,0.266529,0.474418,0.069069,1
99,0.232410,0.544267,0.011561,1
0,0.205757,0.573203,0.000000,1
2,0.316018,0.551865,0.203030,0
3,0.311633,0.520573,0.225000,0
4,0.279588,0.537603,0.277419,0
5,0.280796,0.521740,0.198142,0
6,0.303932,0.593575,0.186589,0
7,0.348503,0.529473,0.170279,0
8,0.250010,0.482203,0.169753,0
9,0.217795,0.500299,0.035088,0
10,0.124943,0.526699,-0.020057,1
11,0.201196,0.523352,-0.114706,1
12,0.191721,0.500308,-0.200581,1
13,0.136864,0.489064,-0.383041,1
14,0.169591,0.449816,0.049080,1
15,0.273821,0.608718,0.202985,1
16,0.310809,0.426841,0.074576,1
17,0.291667,0.417585,0.321839,1
18,0.299045,0.470944,0.311284,1
20,0.172110,0.567303,0.050360,1
21,0.233263,0.481970,0.033003,1
22,0.289921,0.634075,-0.029891,1
23,0.217327,0.658911,-0.072351,1
24,0.184302,0.575817,-0.090909,1
25,0.177063,0.589166,-0.113514,1
26,0.186457,0.610941,-0.227513,1
27,0.247554,0.549415,-0.260054,1
28,0.202955,0.510572,-0.254795,1
29,0.241138,0.489630,-0.205882,1
30,0.272789,0.627950,-0.162011,1
31,0.223492,0.562244,-0.224324,1
32,0.208969,0.498360,-0.379032,1
33,0.201196,0.665467,-0.248062,1
34,0.303798,0.516133,0.252595,1
35,0.232410,0.573973,0.156794,0
36,0.249218,0.531719,0.184669,0
38,0.145848,0.601398,0.305085,0
39,0.206774,0.545824,0.220065,0
40,0.272568,0.534625,0.162162,0
41,0.293565,0.486431,0.214286,0
42,0.253463,0.545824,0.209726,0
43,0.173708,0.525438,0.261649,0
44,0.272568,0.489128,0.144144,0
45,0.222070,0.632299,0.103943,0
46,0.245862,0.610299,0.145714,0
47,0.222070,0.579144,0.106618,0
48,0.259230,0.553718,0.120996,0
49,0.281942,0.584792,0.034014,1
50,0.333333,0.514003,0.143678,1
51,0.269536,0.481335,0.125000,1
52,0.330912,0.669603,0.150602,1
53,0.254605,0.520278,0.030395,1
59,0.314675,0.544780,0.124309,1
60,0.235932,0.488829,0.081159,1
61,0.237030,0.604122,0.116364,1
62,0.258472,0.491052,0.092063,1
63,0.287641,0.573155,0.120623,1
64,0.205612,0.683610,0.010714,1
65,0.251291,0.674100,0.101587,1
66,0.188337,0.520720,0.143443,1
67,0.185058,0.477700,0.111498,1
68,0.233263,0.611319,0.021084,0
69,0.214286,0.623850,0.015060,0
70,0.196429,0.614727,-0.002941,0
71,0.275562,0.666201,-0.008219,0
72,0.240334,0.663399,0.043814,0
19,0.195454,0.602391,-0.374269,1
20,0.270388,0.744940,-0.387464,1
21,0.270376,0.594555,-0.099707,1
22,0.292353,0.706059,-0.039216,1
23,0.108990,0.542807,0.121094,1
24,0.160000,0.627582,0.068345,1
25,0.304507,0.741043,0.176080,1
26,0.283481,0.580127,0.018237,1
27,0.206725,0.560435,0.003040,1
28,0.313381,0.723191,-0.108883,1
29,0.204182,0.556656,-0.122807,1
30,0.366074,0.706276,-0.325069,1
31,0.195302,0.563106,-0.327586,1
32,0.200999,0.501500,-0.317365,1
33,0.197587,0.640184,-0.301449,1
34,0.209050,0.682638,-0.210084,1
35,0.278533,0.592638,0.003226,1
36,0.240181,0.854011,0.152672,1
38,0.070167,0.487305,0.325843,1
39,0.158464,0.688940,0.540816,1
40,0.206928,0.613308,0.181507,1
41,0.309326,0.601567,0.105882,1
42,0.389277,0.765858,-0.063325,1
43,0.353573,0.689831,-0.037249,1
44,0.189399,0.472621,0.034247,1
45,0.250000,0.607692,0.115242,1
46,0.229248,0.588712,0.110320,1
47,0.250626,0.637444,0.089404,1
48,0.148148,0.701574,0.190164,1
49,0.293610,1.069238,0.105572,1
50,0.316667,0.681861,0.144737,1
51,0.399043,0.782452,-0.129442,1
52,0.191040,1.187110,-0.064426,1
53,0.252771,0.688854,-0.031847,1
54,0.317854,0.360220,0.107143,1
55,0.300286,0.718727,0.015773,1
57,0.203608,0.516723,0.038194,1
58,0.258472,0.455961,0.044218,1
59,0.296960,0.565902,0.025157,1
60,0.134959,0.534139,0.045161,1
61,0.239369,0.561588,0.025397,1
62,0.300912,1.056888,0.056122,1
63,0.265185,1.237678,-0.030806,1
64,0.283454,0.642727,0.058480,1
65,0.272243,0.405420,0.126246,1
66,0.175002,0.448268,0.003195,1
67,0.197297,0.455988,0.027523,1
68,0.293695,0.752537,-0.088146,1
69,0.312358,0.563874,-0.095522,1
70,0.268814,0.546139,-0.029508,1
71,0.262143,0.501989,0.084639,1
72,0.232529,0.515246,0.059016,1
73,0.207783,0.554279,0.039634,1
74,0.348358,0.534000,0.098592,1
76,0.201980,0.437222,0.061594,1
77,0.297029,0.513707,0.088339,1
78,0.250847,0.500000,0.080000,1
79,0.208772,0.456931,0.147410,1
80,0.107176,0.519454,0.132000,1
0,0.225586,0.385956,0.354430,0
1,0.250898,0.513040,0.281481,0
2,0.225431,0.573628,0.324219,0
3,0.206406,0.326134,0.589404,0
4,0.276533,0.466535,0.325758,0
5,0.237999,0.429225,0.343629,0
6,0.254021,0.481275,0.416290,0
7,0.277844,0.470416,0.277978,0
8,0.321224,0.463899,0.165017,0
9,0.275862,0.434636,0.242857,0
10,0.311115,0.483433,0.328302,0
11,0.269551,0.338665,0.362832,0
12,0.163749,0.467348,0.328283,0
13,0.303571,0.509049,0.478788,0
14,0.135553,0.364390,0.292887,0
15,0.259792,0.292257,0.172775,0
16,0.345898,0.397606,0.420213,0
18,0.287612,0.326340,0.735294,0
19,0.259082,0.379299,0.418301,0
20,0.312229,0.331645,0.214286,0
21,0.188811,0.409426,0.188000,0
22,0.261176,0.558485,0.602410,0
23,0.233263,0.465884,0.349727,0
24,0.164399,0.390498,0.274194,0
25,0.289614,0.448659,0.380952,0
26,0.312069,0.398311,0.348178,0
27,0.339070,0.490764,0.552326,0
28,0.322212,0.303537,0.210762,0
29,0.334810,0.441794,0.263889,0
30,0.388622,0.284112,0.200873,0
31,0.315624,0.399043,0.344322,0
32,0.314815,0.390371,0.345725,0
33,0.335385,0.468870,0.269103,0
34,0.259792,0.308417,0.354037,0
36,0.243959,0.452964,0.278195,0
37,0.284099,0.454121,0.340502,0
38,0.290810,0.395249,0.364372,0
39,0.233263,0.336541,0.390805,0
40,0.351587,0.500433,0.260586,0
41,0.275862,0.425500,0.270548,0
42,0.258467,0.434166,0.300353,0
43,0.270459,0.431967,0.387500,0
44,0.187698,0.452786,0.324219,0
45,0.237265,0.398670,0.331839,0
46,0.323217,0.460267,0.392241,0
47,0.333148,0.473005,0.287823,0
48,0.327392,0.572844,0.313380,0
49,0.306292,0.541452,0.303448,0
50,0.344623,0.605373,0.146067,0
51,0.381108,0.523880,0.080692,0
52,0.340948,0.638767,0.127168,0
54,0.310345,0.433510,0.252560,0
55,0.307256,0.432672,0.244068,0
56,0.196491,0.520679,0.191275,0
57,0.258934,0.440591,0.292517,0
58,0.259863,0.413515,0.268041,0
59,0.270398,0.372104,0.331522,0
60,0.284988,0.501924,0.254480,0
61,0.294956,0.430221,0.253378,0
62,0.259540,0.447741,0.286689,0
63,0.234293,0.488600,0.302083,0
64,0.288248,0.460073,0.666667,0
65,0.216689,0.443555,0.630303,0
66,0.243685,0.486006,0.582353,0
67,0.263897,0.386898,0.315126,0
68,0.183129,0.375691,0.515337,0
69,0.202310,0.541745,0.450000,0
70,0.232817,0.455251,0.254753,0
17,0.250000,0.368093,0.411215,0
35,0.259533,0.483433,0.415020,0
53,0.305477,0.508420,0.190323,0
71,0.201268,0.460907,0.198502,0
89,0.258316,0.417640,0.307359,0
107,0.293480,0.382604,3.542857,0
125,0.276533,0.388819,0.409302,0
143,0.284662,0.463835,0.446009,0
161,0.286826,0.556944,0.245763,0
179,0.248759,0.585206,0.051118,0
197,0.293103,0.408518,0.415385,0
215,0.285532,0.421751,0.377682,0
233,0.270066,0.408345,0.304688,0
251,0.223144,0.437295,0.341991,0
269,0.195538,0.420386,0.298387,0
287,0.240285,0.351876,0.228448,0
72,0.252082,0.416863,0.234201,0
73,0.300756,0.431521,0.205674,0
74,0.311515,0.423072,0.215753,0
75,0.229171,0.469031,0.351562,0
76,0.276533,0.550649,0.252830,0
77,0.270459,0.484875,0.266667,0
78,0.328193,0.469281,0.338403,0
79,0.245904,0.453435,0.341564,0
80,0.263465,0.411099,0.320675,0
81,0.220761,0.416497,0.296296,0
82,0.243252,0.431521,0.386266,0
83,0.221609,0.393919,0.398104,0
84,0.242536,0.416282,0.471111,0
85,0.217307,0.476158,0.400000,0
86,0.242536,0.498290,0.420354,0
87,0.268798,0.435522,0.492891,0
88,0.201942,0.400153,0.380952,0
90,0.202310,0.354770,0.331858,0
91,0.262689,0.406619,0.495327,0
92,0.146804,0.342941,0.542289,0
93,0.246848,0.416863,0.427907,0
94,0.293884,0.452220,0.423423,0
95,0.276533,0.389163,0.394737,0
96,0.184302,0.354450,0.341991,0
97,0.259534,0.367402,0.282609,0
98,0.294145,0.413458,0.341772,0
99,0.259534,0.453435,0.360656,0
100,0.243252,0.370894,0.438424,0
101,0.256460,0.371391,13.125000,0
102,0.291503,0.434564,1.212963,0
103,0.311300,0.439282,0.668571,0
104,0.285136,0.405778,0.575758,0
105,0.274944,0.358202,0.593458,0
106,0.291503,0.363367,0.495238,0
108,0.393808,0.554700,0.184685,0
109,0.346518,0.529028,0.102564,0
110,0.374394,0.420375,0.252941,0
111,0.271163,0.378145,1.048193,0
113,0.200980,0.428095,0.505102,0
114,0.200980,0.441776,0.408511,0
115,0.208011,0.400303,0.304721,0
116,0.204390,0.468609,0.461883,0
117,0.242536,0.421852,0.417391,0
118,0.208637,0.442417,0.568627,0
119,0.115857,0.360648,0.382883,0
120,0.261614,0.364150,0.602041,0
121,0.283878,0.374447,0.709877,0
122,0.283878,0.390988,0.545872,0
123,0.294432,0.370969,0.423581,0
124,0.260301,0.420471,0.378486,0
126,0.261817,0.440692,0.519608,0
127,0.195111,0.452290,0.691011,0
128,0.196780,0.415595,0.581152,0
129,0.218143,0.397184,0.719298,0
132,0.251663,0.389487,0.635838,0
133,0.276533,0.334085,0.427948,0
134,0.242536,0.435642,0.471366,0
135,0.225133,0.529741,0.287500,0
139,0.268147,0.373557,0.420091,0
140,0.268625,0.347579,0.440594,0
141,0.263465,0.330005,0.415525,0
142,0.259534,0.435097,0.435407,0
144,0.268147,0.391953,0.832258,0
147,0.276935,0.418249,0.448598,0
148,0.278009,0.520080,0.293893,0
149,0.283085,0.527002,0.300000,0
150,0.191766,0.346933,0.421801,0
151,0.279688,0.367892,0.397436,0
152,0.286097,0.410920,0.369048,0
153,0.313955,0.393672,0.261905,0
154,0.260870,0.448659,0.335079,0
155,0.315624,0.421637,0.213974,0
156,0.286643,0.401074,0.364444,0
157,0.275208,0.427553,0.298561,0
158,0.277778,0.425797,0.283465,0
160,0.304560,0.379299,0.328185,0
162,0.249841,0.419288,0.268382,0
163,0.292929,0.420917,0.267281,0
164,0.266333,0.500810,0.202749,0
165,0.266076,0.372678,0.279070,0
166,0.164576,0.457856,0.274436,0
167,0.277778,0.485674,0.180000,0
168,0.334359,0.763698,0.155172,0
169,0.249841,0.386155,0.309160,0
170,0.340176,0.416868,0.288618,0
171,0.227273,0.344778,0.282178,0
172,0.270833,0.350450,0.352518,0
173,0.232143,0.399390,0.336100,0
174,0.305672,0.408148,0.250965,0
175,0.285975,0.416401,0.291667,0
176,0.327392,0.481216,0.345178,0
178,0.181211,0.519308,0.454545,0
180,0.201379,0.320755,0.510526,0
181,0.296297,0.384017,0.200000,0
182,0.300257,0.396724,0.334928,0
183,0.258621,0.414167,0.429268,0
184,0.266667,0.412902,0.383929,0
185,0.275862,0.363818,0.304000,0
186,0.266519,0.383435,0.322957,0
187,0.309609,0.400737,0.344828,0
188,0.333979,0.400737,0.352697,0
189,0.249841,0.512913,0.316239,0
190,0.208323,0.481086,0.315789,0
191,0.241236,0.410280,0.507692,0
192,0.139691,0.362366,0.284404,0
193,0.266519,0.466272,0.511416,0
194,0.160714,0.381693,0.295359,0
195,0.300756,0.419172,0.415888,0
196,0.266076,0.456245,0.409692,0
198,0.274194,0.439605,0.451327,0
199,0.284256,0.333077,0.405530,0
202,0.218745,0.352966,0.492147,0
203,0.243423,0.421751,0.337209,0
204,0.170313,0.469031,0.368182,0
205,0.209253,0.427303,0.469484,0
206,0.258467,0.419172,0.429204,0
207,0.286826,0.401911,0.488479,0
210,0.249841,0.488411,0.489796,0
213,0.233621,0.457856,0.390244,0
214,0.251109,0.398939,0.382775,0
216,0.203564,0.364996,0.388646,0
217,0.233472,0.458010,0.357759,0
218,0.285714,0.391077,0.389908,0
219,0.232143,0.417529,0.409910,0
220,0.208323,0.412311,0.395349,0
221,0.270066,0.393640,0.382353,0
222,0.164576,0.432740,0.301653,1
223,0.217103,0.375253,0.403587,1
224,0.197780,0.453498,0.348624,1
225,0.202508,0.362265,0.295154,1
226,0.180225,0.448164,0.386266,1
227,0.188337,0.450910,0.376106,1
228,0.188337,0.379170,0.280000,1
229,0.241395,0.363803,0.324786,1
230,0.168500,0.346867,0.359833,1
231,0.277587,0.429703,0.340314,1
232,0.285714,0.441355,0.386047,1
234,0.304560,0.410280,0.378641,1
235,0.181645,0.429291,0.467033,1
236,0.230089,0.433695,0.272727,1
237,0.205397,0.389106,0.407960,1
238,0.241236,0.478562,0.328767,1
239,0.250000,0.418161,0.377193,1
240,0.251101,0.413667,0.322727,1
241,0.259540,0.341147,0.357143,1
242,0.234293,0.374887,0.409091,1
243,0.199167,0.499168,0.662791,1
244,0.186508,0.388514,0.275109,1
245,0.213859,0.320808,0.280702,1
246,0.228234,0.347351,0.343612,1
247,0.205612,0.280160,0.166667,1
248,0.244789,0.383326,0.214592,1
249,0.288542,0.412063,0.229437,1
250,0.240576,0.430818,0.377193,1
252,0.214401,0.452220,0.372197,1
253,0.224672,0.380955,0.271930,1
254,0.249839,0.300340,0.300000,1
255,0.292333,0.482459,0.252874,1
256,0.231232,0.360435,0.369863,1
257,0.136882,0.429118,0.293578,1
258,0.151255,0.343423,0.260700,1
259,0.259559,0.460947,0.258065,1
260,0.161558,0.418274,0.344037,1
261,0.197404,0.412890,0.386957,1
262,0.196303,0.396915,0.321429,1
263,0.294058,0.371496,0.318386,0
264,0.288248,0.438823,0.260377,0
265,0.277778,0.449444,0.345992,0
266,0.241236,0.352403,0.323944,0
267,0.252377,0.419456,0.319838,0
268,0.277778,0.399575,0.376190,0
270,0.223607,0.477172,0.792208,1
271,0.224672,0.440591,0.278226,1
272,0.201752,0.467283,0.614379,1
273,0.241891,0.507222,0.386792,1
274,0.223602,0.445294,0.431472,1
275,0.223602,0.439879,0.366812,1
276,0.223602,0.370082,0.246753,1
277,0.168385,0.346925,0.477778,1
278,0.261203,0.281396,0.210744,1
279,0.208190,0.341150,0.152174,1
280,0.240576,0.321283,0.194444,1
281,0.242100,0.410212,0.154412,1
282,0.170663,0.353793,0.204724,1
283,0.208637,0.415131,0.660606,1
284,0.216770,0.467183,0.333333,1
285,0.179313,0.380481,0.320388,1
286,0.267522,0.430459,0.132000,1
288,0.234293,0.358766,0.330049,1
293,0.178458,0.510600,0.200000,1
297,0.194068,0.493197,0.197761,1
299,0.168385,0.534447,0.247012,0
300,0.225363,0.538516,0.275194,0
302,0.205096,0.404888,0.379679,0
304,0.289614,0.420834,0.127490,0
306,0.315624,0.418274,0.516304,0
309,0.292409,0.473205,0.347222,0
310,0.288462,0.503233,0.142349,0
311,0.321224,0.457108,0.226619,0
312,0.222070,0.418962,0.243902,0
313,0.232819,0.374498,0.245902,0
314,0.278931,0.459718,0.224409,0
315,0.314815,0.447493,0.345992,0
316,0.304366,0.458086,0.283951,0
317,0.276279,0.372104,0.253846,0
318,0.310160,0.438937,0.294355,0
319,0.285532,0.384980,0.289157,0
320,0.277778,0.427007,0.254902,0
321,0.203564,0.500946,0.289796,0
322,0.250000,0.418721,0.346491,0
324,0.275698,0.599154,0.207885,0
325,0.270238,0.522125,0.174545,0
326,0.242605,0.375466,0.303030,0
330,0.291138,0.538972,0.757353,0
331,0.352673,0.462635,0.079812,0
332,0.325960,0.494489,0.704762,0
333,0.331357,0.482014,0.704000,0
334,0.319835,0.523338,0.625000,0
335,0.231155,0.509232,1.297872,0
336,0.243252,0.390009,0.563218,0
337,0.345726,0.481223,1.600000,0
338,0.276771,0.401575,0.397321,0
339,0.286521,0.390371,0.355856,0
340,0.275698,0.402988,0.408654,0
342,0.268147,0.434639,0.461187,0
343,0.259079,0.383470,0.474227,0
344,0.293103,0.408450,0.252874,0
352,0.259540,0.401911,0.279693,0
353,0.284099,0.439871,0.483568,0
354,0.276533,0.500000,0.522613,0
355,0.293565,0.409453,0.475336,0
357,0.271163,0.430613,0.323420,0
358,0.327586,0.375121,0.353846,0
360,0.202832,0.486064,0.201493,0
362,0.189543,0.565786,0.219269,0
363,0.300000,0.474148,0.164516,0
364,0.291503,0.333460,0.376106,0
365,0.255146,0.422976,0.413793,0
366,0.238002,0.436022,0.560976,0
367,0.169359,0.497061,0.532020,0
368,0.163890,0.350586,0.401961,0
369,0.170313,0.424605,0.541436,0
370,0.139180,0.437920,0.460465,0
371,0.258934,0.447214,0.599034,0
372,0.235180,0.428654,0.598985,0
373,0.212784,0.393919,0.593458,0
375,0.226253,0.457759,0.621891,0
376,0.214328,0.417606,0.593750,0
379,0.277350,0.374281,0.635870,0
380,0.197404,0.503645,0.378378,0
387,0.249365,0.384631,0.338645,0
388,0.275698,0.496868,0.842105,0
389,0.240807,0.437143,0.345238,0
390,0.203564,0.447530,0.305344,0
391,0.270599,0.435383,0.257042,0
392,0.279776,0.515442,0.256228,0
393,0.259692,0.389321,0.538889,0
394,0.242309,0.356117,0.404444,0
397,0.293565,0.410170,0.494624,0
400,0.270172,0.484873,16.571429,0
401,0.168936,0.457644,0.610465,0
402,0.218745,0.467765,0.479381,0
403,0.169873,0.497061,0.386364,0
404,0.296637,0.531516,-0.446809,0
405,0.389462,0.431669,-0.509091,0
406,0.229648,0.551411,-0.275109,0
407,0.327749,0.498461,-0.346535,0
408,0.233326,0.400276,8.444444,0
409,0.275862,0.449433,0.194553,0
411,0.234388,0.527695,0.407895,0
412,0.267704,0.449354,0.619048,0
414,0.242955,0.392317,0.240741,0
415,0.233204,0.349734,0.543689,0
416,0.251038,0.392559,0.353448,0
417,0.293103,0.404888,0.398964,0
418,0.267704,0.415403,0.457547,0
419,0.195929,0.375121,0.410138,0
420,0.267556,0.412228,0.398305,0
421,0.270774,0.793031,-0.119363,0
423,0.277221,0.629053,-0.024390,0
424,0.081403,0.447214,0.339535,0
429,0.277383,0.430613,0.395556,0
430,0.277350,0.409081,0.561905,0
432,0.260764,0.401575,0.421277,0
433,0.280247,0.539021,0.344000,0
434,0.267857,0.408148,0.341880,0
435,0.259540,0.450435,0.400000,0
436,0.297245,0.439251,0.362069,0
437,0.197780,0.429266,0.406250,0
438,0.260764,0.495221,0.414141,0
439,0.251109,0.439926,0.342857,0
440,0.259540,0.517061,0.375566,0
441,0.242057,0.430034,0.333333,0
442,0.287938,0.565205,0.390244,0
443,0.317498,0.419006,0.303150,0
444,0.293103,0.467833,0.784722,0
445,0.293103,0.376157,0.652482,0
446,0.235702,0.767089,0.247863,0
447,0.260575,0.834027,0.102041,0
448,0.155080,0.682315,0.069149,0
450,0.275862,0.569096,0.203762,0
451,0.260575,0.263152,1.140000,0
452,0.267686,0.387869,0.828358,0
453,0.284099,0.638934,0.245223,0
454,0.293884,0.555418,0.270916,0
455,0.284256,0.335603,0.490385,0
456,0.180278,0.317372,0.215447,0
457,0.259846,0.456581,0.510000,0
458,0.292929,0.387999,0.309013,0
459,0.234890,0.456772,0.447674,0
460,0.215626,0.437727,0.310345,0
461,0.132272,0.441129,0.218045,0
462,0.232189,0.410621,0.301370,0
463,0.251269,0.489055,0.216912,0
464,0.180225,0.501768,0.314961,0
465,0.214286,0.477690,0.225926,0
466,0.125000,0.525350,0.280156,0
468,0.275698,0.468275,0.243902,0
469,0.311300,0.491208,0.336996,1
470,0.118156,0.683630,0.220497,1
471,0.151774,0.565099,0.228873,1
476,0.206504,0.663889,0.229560,1
478,0.195929,0.754756,0.220217,1
479,0.275698,0.674685,0.273016,0
480,0.142494,0.419483,0.373494,0
481,0.242461,0.473845,0.261905,0
482,0.276091,0.349857,0.380952,0
483,0.243830,0.368398,0.268595,0
484,0.276935,0.421686,0.300380,0
486,0.285714,0.495292,0.341463,0
487,0.250000,0.494517,0.420513,0
488,0.284213,0.402010,0.311284,0
489,0.139970,0.431535,0.298077,0
490,0.206674,0.460267,0.269663,0
491,0.224138,0.510098,0.346154,0
492,0.224138,0.464583,0.207746,0
493,0.260919,0.528883,0.185567,0
494,0.285194,0.470802,0.013201,0
495,0.275087,0.532960,0.158621,0
496,0.294058,0.495221,0.096026,1
497,0.284256,0.530171,0.163009,1
498,0.259694,0.436819,0.329502,1
499,0.233204,0.509902,0.295455,1
500,0.172414,0.447987,0.472727,1
501,0.216546,0.507593,0.370833,1
502,0.233333,0.466632,0.335938,1
504,0.261712,0.523484,0.211806,1
505,0.275947,0.440522,0.200000,1
506,0.249861,0.506337,0.072607,1
507,0.190969,0.514434,0.197232,1
508,0.268969,0.510205,0.166667,1
509,0.267556,0.496868,0.268707,1
510,0.275698,0.582546,0.225000,1
511,0.259692,0.546401,0.235294,1
512,0.276935,0.501413,0.210169,1
513,0.250898,0.516611,0.262799,1
514,0.306292,0.531894,0.191558,1
515,0.200933,0.505282,0.171617,1
516,0.233998,0.447530,0.082803,1
517,0.153617,0.519336,-0.006431,1
518,0.191249,0.546055,-0.060976,1
519,0.169873,0.519875,-0.036474,1
520,0.234740,0.508066,-0.036585,1
522,0.225338,0.486003,0.131148,1
523,0.175724,0.484571,0.111821,1
524,0.259533,0.513707,-0.014620,1
525,0.340831,0.558440,-0.016713,1
526,0.218143,0.538229,-0.067647,1
527,0.217307,0.560065,-0.162722,1
528,0.202310,0.526292,-0.015773,1
529,0.218745,0.502480,0.077399,1
530,0.215054,0.528883,0.150641,1
531,0.290996,0.577078,0.160131,1
532,0.199547,0.547957,0.074766,1
533,0.258472,0.548713,0.011834,1
534,0.285503,0.611319,0.030726,1
535,0.266333,0.546055,-0.031161,1
536,0.189206,0.618887,-0.023324,1
537,0.185438,0.518722,0.045872,1
538,0.233635,0.556721,-0.050595,1
540,0.261614,0.561119,-0.242967,1
541,0.314089,0.561177,0.078431,1
542,0.286787,0.701678,-0.005464,1
543,0.282760,0.630509,0.040698,1
544,0.188337,0.561177,0.065868,1
545,0.249841,0.499189,0.121495,1
546,0.258467,0.565305,0.250804,1
547,0.242955,0.496781,0.220736,1
548,0.275698,0.521536,0.251724,1
549,0.265434,0.524426,0.215753,1
550,0.233354,0.545362,0.205980,1
551,0.225586,0.590313,0.182119,1
552,0.172005,0.468165,0.081356,1
553,0.233354,0.503940,0.095385,1
554,0.257934,0.533578,0.090909,1
555,0.290612,0.438624,0.050000,1
556,0.211172,0.466168,0.053731,1
558,0.192332,0.524236,0.055728,1
559,0.226253,0.535835,0.045872,1
560,0.190909,0.536892,0.005970,1
561,0.227626,0.599398,-0.042424,1
562,0.174895,0.609588,-0.131507,1
563,0.210931,0.555233,-0.277311,1
564,0.111836,0.416710,-0.590759,1
565,0.309557,0.439871,-0.100000,1
566,0.178923,0.477345,0.022951,1
567,0.199889,0.553555,0.136364,1
568,0.241951,0.541013,0.128358,1
569,0.252429,0.544700,0.005900,1
570,0.192332,0.544700,0.034384,1
571,0.218745,0.582623,0.030899,1
572,0.162549,0.584379,-0.011799,1
573,0.207783,0.557722,-0.073973,1
574,0.193715,0.689314,-0.120112,1
576,0.190184,0.511467,-0.233062,1
577,0.220077,0.506049,-0.238227,1
578,0.203512,0.542627,-0.297082,1
579,0.197705,0.535553,-0.219178,1
580,0.240576,0.460907,0.225589,0
581,0.251109,0.546850,0.357143,0
582,0.222070,0.565305,0.337302,0
584,0.258467,0.437222,0.231047,0
585,0.231995,0.361880,0.205882,0
586,0.250000,0.507215,0.305970,0
587,0.232817,0.472449,0.365942,0
588,0.311418,0.470278,0.281588,0
589,0.266667,0.448406,0.293478,0
590,0.283627,0.438232,0.250909,0
591,0.279078,0.465444,0.261029,0
592,0.306716,0.484996,0.193220,0
594,0.333148,0.447675,0.173633,0
595,0.163744,0.467522,0.404348,0
597,0.152613,0.410056,0.322449,0
599,0.155114,0.413020,0.266160,0
600,0.317716,0.504785,0.436275,0
601,0.274194,0.358140,0.458333,0
602,0.276091,0.448406,0.438053,0
603,0.241935,0.388696,0.545455,0
604,0.234889,0.437237,0.620690,0
605,0.259069,0.444168,0.449339,0
606,0.305672,0.379299,0.330769,0
607,0.276771,0.386570,0.330612,0
608,0.168040,0.344554,0.345098,0
609,0.292929,0.479157,0.236842,0
610,0.240807,0.414293,0.427136,0
612,0.301679,0.364625,1.206186,0
613,0.297938,0.388246,1.346154,0
616,0.270066,0.570826,1.217949,0
617,0.249841,0.388903,0.976471,0
618,0.268147,0.408805,0.303571,0
619,0.291064,0.378522,0.457143,0
620,0.182995,0.431006,0.282511,0
621,0.330033,0.381926,0.674074,0
623,0.269423,0.406149,0.313559,0
624,0.277350,0.327648,0.412935,0
625,0.287206,0.437606,0.455497,0
627,0.268955,0.408441,0.366534,0
628,0.321224,0.502571,0.355102,0
630,0.268742,0.409171,0.405622,0
631,0.249861,0.410280,0.305455,0
632,0.234518,0.392559,0.323308,0
633,0.259863,0.357485,0.296154,0
635,0.293103,0.501924,0.279152,0
636,0.242107,0.481458,0.269231,0
637,0.259692,0.303750,0.329167,0
638,0.243252,0.391083,0.355469,0
639,0.260764,0.428211,0.321033,0
640,0.250000,0.364769,0.329365,0
641,0.208323,0.441068,0.342105,0
642,0.161558,0.540296,0.262458,0
643,0.268147,0.911790,0.240223,0
644,0.157453,0.876924,0.099751,0
645,0.107010,0.882568,0.121053,0
646,0.258472,0.648016,0.297659,0
648,0.320156,0.960415,0.151515,0
649,0.222855,0.927241,0.119318,0
650,0.188853,0.578684,0.179811,0
651,0.251269,0.393876,0.297794,0
652,0.146880,0.468165,0.247232,0
653,0.250000,0.390498,0.221374,0
654,0.162379,0.493964,0.243902,0
655,0.299833,0.361313,0.293680,1
656,0.327878,0.448666,0.216028,1
657,0.291957,0.526932,0.280576,1
658,0.250000,0.447214,0.235294,1
659,0.266076,0.486934,0.275000,1
660,0.194883,0.459008,0.200669,1
661,0.208200,0.496564,0.167247,1
662,0.283333,0.457096,0.079872,1
663,0.156786,0.468069,0.269091,1
664,0.166574,0.514434,0.195035,1
666,0.225229,0.357101,0.320755,1
667,0.234890,0.529382,0.248175,1
668,0.174121,0.449085,0.234266,1
669,0.224138,0.497960,0.212838,1
670,0.216667,0.529257,0.243986,1
671,0.299833,0.564822,0.104575,1
672,0.224138,0.489729,0.087948,1
673,0.225363,0.469281,0.110727,1
674,0.258934,0.558485,0.197952,1
675,0.233263,0.508420,0.260870,1
676,0.188337,0.416749,0.233333,1
677,0.242605,0.479313,0.251773,1
678,0.192789,0.448666,0.232323,1
679,0.285714,0.479313,0.061920,1
680,0.208323,0.561411,0.157556,1
681,0.250000,0.475883,0.072368,1
682,0.259079,0.618173,0.041667,1
684,0.366463,0.519123,0.229730,1
685,0.216771,0.476159,0.175258,1
686,0.281927,0.446856,0.254839,1
687,0.299336,0.528086,0.168790,1
688,0.344828,0.511720,0.116564,0
689,0.249446,0.605439,0.160131,0
690,0.283741,0.565333,0.189274,0
691,0.285532,0.492775,0.163399,0
692,0.305477,0.465213,0.106796,0
693,0.275862,0.456351,0.137255,0
694,0.268955,0.411981,0.070552,0
695,0.258467,0.485643,0.162939,1
696,0.207218,0.561395,0.172638,1
697,0.196780,0.511434,0.191419,1
698,0.206406,0.465746,0.156146,1
699,0.190347,0.531413,0.159236,1
700,0.275465,0.493083,0.057143,1
702,0.165840,0.531413,0.187075,1
703,0.160306,0.495095,0.162069,1
704,0.202646,0.511904,0.035191,1
705,0.211913,0.515861,-0.041056,1
706,0.174895,0.629169,-0.047619,1
707,0.184106,0.577197,-0.074405,1
708,0.179513,0.554110,-0.003205,1
709,0.135310,0.456946,0.169550,1
710,0.139310,0.411981,0.174603,1
714,0.188337,0.459573,0.272727,1
715,0.224138,0.463626,0.129825,1
716,0.251109,0.436830,0.130293,1
717,0.277587,0.494052,0.050746,1
718,0.242461,0.606804,0.127517,1
720,0.236224,0.618872,0.029499,1
721,0.203975,0.564684,0.023460,1
722,0.189986,0.552827,-0.080110,1
723,0.194701,0.681739,-0.141274,1
724,0.230730,0.658911,-0.321330,1
725,0.172680,0.619889,-0.363636,1
726,0.198447,0.604356,-0.451705,1
727,0.147547,0.738177,-0.408163,1
729,0.251499,0.536067,-0.183288,1
730,0.282527,0.552623,-0.025424,1
731,0.318394,0.540082,0.005900,1
732,0.340298,0.485643,0.092593,1
733,0.339914,0.516246,0.151203,1
734,0.242057,0.467814,0.334586,1
738,0.233204,0.467765,0.247232,0
739,0.275862,0.524159,0.254237,0
740,0.294956,0.508780,0.266212,0
741,0.290323,0.582015,0.228669,0
742,0.174018,0.519819,0.220280,0
743,0.305816,0.538138,0.270627,0
744,0.309609,0.466272,0.278523,0
745,0.321911,0.505739,0.245847,0
746,0.307096,0.505560,0.222581,0
747,0.315095,0.568387,0.154574,0
748,0.322714,0.496564,0.220736,0
749,0.283741,0.493186,0.171975,0
750,0.299833,0.466632,0.185430,0
751,0.349225,0.514172,0.168285,0
752,0.300756,0.507593,0.182692,0
753,0.300923,0.538086,0.322034,0
754,0.276771,0.521593,0.259136,0
756,0.276935,0.536902,0.112211,0
757,0.366463,0.534127,0.225397,0
758,0.366073,0.409976,0.003311,0
759,0.311115,0.505624,0.207668,0
760,0.310160,0.500810,0.225000,0
761,0.328541,0.638508,0.165663,0
762,0.383333,0.569389,0.115385,0
763,0.259534,0.454413,0.157718,0
764,0.316667,0.461572,0.312057,0
765,0.283454,0.418552,0.078231,0
766,0.290323,0.501413,0.299663,0
767,0.304560,0.495221,0.218354,0
771,0.266667,0.305226,0.621622,0
772,0.327965,0.551262,0.242812,0
774,0.283333,0.417279,0.349823,0
775,0.292109,0.567837,0.256410,0
776,0.334996,0.450741,0.362319,0
777,0.243252,0.439514,0.231047,0
778,0.250898,0.467259,0.265957,0
779,0.300000,0.480467,0.189369,0
780,0.251101,0.492784,0.112628,0
781,0.379867,0.459667,0.228956,0
782,0.215215,0.455321,0.281022,0
783,0.316993,0.388730,0.275000,0
784,0.210915,0.450114,0.236364,0
785,0.285532,0.382684,0.341727,0
786,0.276935,0.484196,0.369403,0
787,0.277350,0.441794,0.327338,0
788,0.311115,0.408148,0.345196,0
789,0.268147,0.483488,0.306897,0
790,0.267704,0.492250,0.323741,0
792,0.301679,0.515638,0.307432,0
793,0.310562,0.438784,0.208333,0
794,0.250898,0.519696,0.191824,0
795,0.217730,0.518030,0.150327,0
796,0.258934,0.504515,0.082540,0
797,0.207830,0.570550,0.212544,0
798,0.210714,0.585685,0.109034,1
799,0.218745,0.539664,0.036585,1
800,0.179802,0.560743,0.011905,1
801,0.234533,0.517558,-0.082111,1
802,0.220223,0.564333,-0.143678,1
803,0.218143,0.607062,-0.181303,1
804,0.181552,0.568189,-0.184136,1
805,0.248684,0.513760,-0.273256,1
806,0.198473,0.555588,-0.152975,1
807,0.166840,0.532107,0.068571,1
808,0.156047,0.514846,0.020290,1
810,0.204975,0.532642,-0.019126,1
811,0.272568,0.514203,-0.188202,1
812,0.186457,0.590299,-0.192982,1
813,0.235426,0.508634,-0.232558,1
814,0.180654,0.528623,-0.259366,1
815,0.185950,0.470178,-0.324930,1
816,0.229171,0.581107,-0.332454,1
817,0.229848,0.511212,-0.358333,1
818,0.215764,0.474342,0.291829,1
819,0.270238,0.485491,0.280899,0
820,0.249841,0.418899,0.397541,0
821,0.222222,0.508654,0.365297,0
825,0.170469,0.509902,0.516393,0
841,0.120212,0.424995,0.493976,0
842,0.325509,0.465342,0.441026,0
844,0.245947,0.414654,0.502591,0
846,0.256254,0.401575,0.367150,0
847,0.267438,0.376883,0.360190,0
848,0.260290,0.377531,0.369668,0
849,0.197668,0.403615,0.336538,0
850,0.338530,0.405939,0.109756,0
851,0.240960,0.326436,0.353234,1
852,0.192055,0.433674,0.387283,1
853,0.224829,0.407979,0.481481,1
854,0.201942,0.426875,0.586207,1
855,0.409443,0.441129,0.214953,1
856,0.157232,0.408328,0.284946,1
857,0.160334,0.405745,0.287293,1
858,0.178134,0.409616,0.202381,1
859,0.218109,0.437738,0.221557,1
860,0.204461,0.454077,0.200000,1
861,0.165209,0.437316,0.152941,1
862,0.201059,0.402680,0.113636,1
864,0.175682,0.457787,2.567568,1
865,0.173926,0.533974,0.619048,1
866,0.158710,0.440631,0.762887,1
867,0.169199,0.414241,0.855072,1
868,0.171499,0.424176,0.555556,1
869,0.153618,0.387969,0.271318,1
870,0.155432,0.461121,0.148148,1
871,0.138694,0.427582,-0.029412,1
872,0.144229,0.408333,-0.156250,1
873,0.187808,0.396849,-0.304878,1
874,0.322585,0.417640,-0.051724,1
875,0.281685,0.430207,0.385366,1
876,0.162398,0.439251,0.302439,0
877,0.267857,0.428110,0.186047,0
878,0.274627,0.485126,0.326531,0
879,0.260301,0.475329,0.221790,0
880,0.258467,0.420476,0.276680,0
882,0.225229,0.439099,0.289062,0
883,0.242461,0.437901,0.285185,0
884,0.259259,0.439251,0.285171,0
885,0.275698,0.487251,0.302041,0
886,0.287754,0.386364,0.307377,0
892,0.275465,0.439372,0.213178,0
893,0.303378,0.484693,0.041270,0
896,0.215215,0.343662,1.201835,0
898,0.186891,0.448164,0.331984,0
900,0.303571,0.401994,0.297398,0
901,0.249841,0.421751,0.320755,0
902,0.304895,0.480038,0.303644,0
903,0.308661,0.302010,0.201058,0
904,0.268798,0.361375,0.333333,0
905,0.294956,0.363523,0.307692,0
906,0.316993,0.448375,0.521505,0
907,0.303571,0.459718,0.303846,0
908,0.286703,0.423454,0.333333,0
909,0.294058,0.466611,0.262097,0
910,0.251269,0.492250,0.305019,0
911,0.277844,0.516666,0.318352,0
912,0.242924,0.397984,0.425101,0
915,0.199167,0.484862,0.427966,0
916,0.316993,0.391077,0.327138,0
918,0.233412,0.428110,0.294915,0
919,0.242273,0.447890,0.282392,0
920,0.261891,0.476776,0.268707,0
921,0.298398,0.344181,0.250896,0
922,0.304489,0.371244,0.385892,0
923,0.292929,0.429057,0.407080,0
924,0.300756,0.505739,0.349810,0
925,0.258621,0.384708,0.329502,0
926,0.285136,0.477115,0.363636,0
927,0.303571,0.438112,0.277580,0
928,0.278009,0.399390,0.279693,0
929,0.258467,0.458920,0.323194,0
930,0.292409,0.531915,0.266212,0
931,0.259540,0.529257,0.237589,0
932,0.294432,0.475300,0.235915,0
933,0.300923,0.509741,0.282686,0
934,0.275208,0.514545,0.268817,0
936,0.267556,0.572760,0.237736,0
937,0.234518,0.434166,0.237589,0
938,0.170663,0.412890,0.277154,1
939,0.152290,0.489434,0.320463,1
940,0.147160,0.484862,0.393701,1
941,0.172949,0.448164,0.362205,1
942,0.160306,0.441068,0.326271,1
943,0.146416,0.461065,0.348000,1
944,0.215007,0.507366,0.338462,1
945,0.259692,0.390812,0.362595,1
946,0.278009,0.487251,0.386719,1
947,0.258621,0.458010,0.335907,1
948,0.260397,0.504372,0.258427,1
949,0.214536,0.486891,0.268657,1
950,0.206897,0.468993,0.257576,1
951,0.196303,0.519123,0.284615,1
952,0.163744,0.501924,0.335878,1
954,0.214401,0.521364,0.260536,1
955,0.175002,0.492548,0.290076,1
956,0.146379,0.460327,0.292818,1
957,0.199167,0.428654,0.304833,1
958,0.133728,0.491425,0.305660,1
959,0.131819,0.487590,0.286245,1
960,0.168824,0.443418,0.209386,1
961,0.210254,0.461176,0.177700,1
962,0.225586,0.446479,0.247423,1
963,0.280247,0.411981,0.432161,0
964,0.287754,0.469031,0.312727,0
965,0.303571,0.427503,0.324723,0
966,0.217103,0.383116,0.265385,0
967,0.279094,0.447103,0.265734,0
968,0.305672,0.410365,0.350554,0
969,0.242273,0.371496,0.307692,0
970,0.303571,0.419456,0.328467,0
972,0.327878,0.470494,0.184211,0
973,0.240000,0.453691,0.197080,0
975,0.305477,0.400390,0.301471,0
977,0.258467,0.420725,0.394366,0
980,0.223144,0.480881,0.313953,0
981,0.240807,0.415403,0.341772,0
982,0.285532,0.393083,0.302905,0
983,0.258008,0.626598,0.238596,0
984,0.242030,0.536410,0.222951,0
985,0.261176,0.492264,0.368932,0
986,0.285532,0.447560,0.236559,0
987,0.276771,0.412228,0.316602,0
988,0.276771,0.428086,0.339768,0
990,0.276935,0.429397,0.273764,0
991,0.294002,0.399660,0.289855,0
992,0.300756,0.383435,0.355212,0
993,0.258467,0.409570,0.389558,0
994,0.259694,0.436937,0.330709,0
995,0.295132,0.307534,0.419913,0
996,0.327392,0.488411,0.355372,0
997,0.283333,0.417415,0.274900,0
998,0.286643,0.441170,0.259542,0
999,0.249861,0.394383,0.332061,0
0,0.197906,0.349787,0.335878,0
1,0.327988,0.355692,0.450450,0
2,0.249841,0.379658,0.393443,0
3,0.274051,0.362778,0.344262,0
4,0.310562,0.386430,0.296578,0
5,0.275698,0.438823,0.379167,0
6,0.356915,0.491965,0.496241,0
8,0.285714,0.349215,0.370213,0
9,0.276935,0.356117,0.355372,0
10,0.259694,0.397425,0.300813,0
11,0.276091,0.385956,0.384921,0
12,0.250000,0.427796,0.322835,0
13,0.197404,0.412461,0.299611,0
14,0.275698,0.450741,0.323077,0
15,0.226655,0.410621,0.337302,0
16,0.235228,0.459573,0.269784,0
17,0.251109,0.410826,0.321839,0
18,0.241379,0.499775,0.328904,0
19,0.233263,0.691250,0.223796,0
21,0.241935,0.784201,-0.011429,0
22,0.296776,0.701761,0.188366,0
23,0.226790,0.599723,0.298742,0
26,0.241236,0.439240,0.370370,0
27,0.215764,0.376755,0.421875,0
28,0.242605,0.428968,0.249084,0
29,0.180225,0.419263,0.209386,0
30,0.223602,0.388819,0.234114,1
31,0.201980,0.419699,0.155629,1
32,0.303933,0.453024,0.102990,1
33,0.226253,0.550072,0.129371,1
34,0.229848,0.429944,0.216730,1
35,0.161465,0.497061,0.257951,1
36,0.276771,0.387869,0.266667,1
37,0.251896,0.395139,0.234375,1
38,0.240960,0.447214,0.196296,1
39,0.280055,0.407665,0.227799,1
40,0.293565,0.430040,0.285714,1
41,0.250000,0.291821,0.205534,1
42,0.205804,0.471456,0.284133,1
44,0.201059,0.473651,0.129771,1
45,0.225586,0.451130,0.260000,1
46,0.200816,0.423767,0.187739,1
47,0.265356,0.410977,0.220339,1
48,0.233553,0.459375,0.190661,1
49,0.234907,0.353553,0.118081,1
50,0.243252,0.410913,0.219424,1
51,0.260301,0.466535,0.355212,1
52,0.294432,0.428587,0.427928,1
53,0.278533,0.486947,0.453333,1
54,0.258472,0.466163,0.351464,1
55,0.215058,0.367549,0.251969,1
56,0.275465,0.506065,0.250965,1
57,0.261320,0.413077,0.106299,1
58,0.292727,0.399043,0.201581,1
59,0.223910,0.480569,0.231618,1
60,0.236224,0.473184,0.348178,1
63,0.250000,0.379260,0.356275,0
69,0.197405,0.317070,0.204947,0
70,0.260575,0.359847,0.339223,0
71,0.243082,0.419263,0.400000,0
72,0.136579,0.447214,0.310861,0
73,0.259540,0.470021,0.291045,0
74,0.303571,0.489560,0.293040,0
75,0.255198,0.380521,0.229391,0
76,0.278931,0.470386,0.308271,0
77,0.286826,0.401911,0.292857,0
78,0.278009,0.378399,0.344203,0
80,0.269126,0.372597,0.364662,0
81,0.251269,0.459573,0.316547,0
82,0.259846,0.519123,0.285714,0
83,0.249841,0.488065,0.250000,0
84,0.334257,0.516733,0.218954,0
87,0.310160,0.396812,0.340580,0
88,0.192308,0.417405,0.250000,0
89,0.241379,0.409171,0.295775,0
90,0.286643,0.333269,0.316901,0
91,0.251269,0.326089,0.351449,0
92,0.283333,0.374566,0.352273,0
93,0.158464,0.530171,0.264605,0
94,0.181992,0.609781,0.269737,0
95,0.162499,0.793521,0.205521,0
96,0.254813,0.881238,0.161765,0
98,0.300923,0.824451,0.103352,0
99,0.226790,0.820545,0.119221,0
100,0.156880,0.646265,0.144144,0
101,0.096898,0.632118,0.282230,0
102,0.251406,0.332730,0.366197,0
103,0.223602,0.468860,0.293515,0
104,0.198197,0.790569,0.164179,0
105,0.232143,0.468069,0.251852,0
106,0.249841,0.468165,0.340824,0
107,0.233621,0.458208,0.300725,0
108,0.199675,0.419263,0.313653,0
109,0.197780,0.478209,0.322344,1
110,0.174852,0.544405,0.281022,1
111,0.213285,0.470416,0.290909,1
112,0.215626,0.412228,0.343750,1
113,0.180340,0.388881,0.233463,1
114,0.188337,0.420386,0.294545,1
116,0.268969,0.557218,0.154882,1
117,0.258934,0.510572,-0.047468,1
118,0.156460,0.493779,0.054839,1
119,0.196491,0.506594,-0.012500,1
120,0.286929,0.651795,-0.121212,1
121,0.195306,0.514172,-0.175385,1
122,0.187409,0.390812,-0.239057,1
123,0.208637,0.414293,0.173077,1
124,0.258934,0.410264,0.175439,1
125,0.301178,0.422443,0.148551,1
126,0.225586,0.481275,0.169675,1
127,0.277350,0.466392,0.189003,1
128,0.243579,0.454618,0.144404,1
129,0.225586,0.431633,0.118705,1
130,0.226482,0.444243,0.147368,1
131,0.282843,0.457759,0.130742,1
132,0.291064,0.478446,0.181185,1
134,0.206774,0.450522,0.218182,1
135,0.310562,0.426365,0.204633,0
136,0.323201,0.535775,0.312268,0
137,0.232363,0.415673,0.341564,0
138,0.345482,0.416655,0.662338,0
139,0.322585,0.431874,0.951456,0
140,0.268147,0.427652,0.532258,0
141,0.300257,0.352642,0.422222,0
142,0.301679,0.473783,0.361111,0
143,0.317716,0.491379,0.342308,0
144,0.345726,0.430459,0.320557,0
145,0.301679,0.429943,0.257840,0
146,0.327392,0.511904,0.267327,0
147,0.327668,0.558504,0.235110,0
148,0.321429,0.505622,0.193038,0
149,0.283333,0.525226,0.217252,0
150,0.275862,0.519257,0.179245,0
152,0.224138,0.606707,0.092308,0
153,0.284988,0.493865,0.290102,1
154,0.276279,0.447124,0.291367,1
155,0.259846,0.557980,0.254072,1
156,0.233263,0.538970,0.247649,1
157,0.241236,0.563678,0.217105,1
158,0.260919,0.545785,0.201987,1
159,0.249861,0.478446,0.259928,1
160,0.267704,0.411915,0.208633,1
161,0.219109,0.515861,0.173333,1
162,0.291064,0.438232,0.264407,1
163,0.258467,0.506885,0.218543,1
164,0.209626,0.505572,0.261649,1
165,0.213130,0.518002,0.233449,1
166,0.258621,0.432672,0.247232,1
167,0.209704,0.576199,0.294326,1
168,0.208323,0.388008,0.220339,1
170,0.285532,0.474176,0.136213,1
171,0.240576,0.533506,0.098592,1
172,0.261176,0.542064,0.094156,1
173,0.168317,0.533884,0.193333,1
174,0.269032,0.531126,-0.008929,1
175,0.250000,0.549273,0.044776,1
176,0.262689,0.578690,-0.062130,1
177,0.242030,0.539457,0.032362,1
178,0.197780,0.447586,0.268116,1
179,0.173708,0.615725,0.190939,1
180,0.241891,0.579636,0.124161,1
182,0.194212,0.537008,0.112583,1
183,0.259082,0.430775,0.372197,0
184,0.224672,0.411597,0.331776,0
185,0.258467,0.371777,0.490291,0
186,0.156737,0.470208,0.310044,0
188,0.286643,0.423708,0.420354,0
189,0.251109,0.346867,0.247967,0
190,0.258467,0.412311,0.294118,0
191,0.205096,0.519861,0.206767,0
192,0.300000,0.497982,0.275194,0
193,0.241236,0.510600,0.235955,0
194,0.178458,0.522521,0.282443,0
195,0.258008,0.549961,0.297398,0
196,0.285714,0.484862,0.259542,0
197,0.242605,0.517651,0.333333,0
198,0.256221,0.394280,0.276596,0
199,0.234740,0.410085,0.270270,0
200,0.251896,0.525899,0.282443,0
201,0.220298,0.467765,0.313253,0
202,0.259540,0.517061,0.212329,0
203,0.267556,0.447987,0.227106,0
204,0.284256,0.541561,0.206667,0
206,0.267556,0.452220,0.287823,0
207,0.285532,0.488411,0.288194,0
208,0.258621,0.491425,0.223368,0
209,0.234518,0.457759,0.323636,0
210,0.333979,0.549831,0.214047,0
214,0.316491,0.445325,0.036932,0
215,0.204280,0.403679,0.107884,0
216,0.169796,0.432533,-0.434944,0
220,0.285194,0.556781,0.072917,0
222,0.250482,0.452220,0.235741,0
224,0.316795,0.538003,0.283019,0
225,0.251184,0.431633,0.279528,0
226,0.344828,0.429118,0.303704,0
227,0.328346,0.497982,0.247232,0
228,0.333445,0.440522,0.219512,0
229,0.262689,0.403742,0.329710,0
230,0.238016,0.380096,0.376866,0
231,0.271966,0.370234,0.357414,0
232,0.243685,0.472610,0.286738,0
233,0.268285,0.492538,0.307143,0
234,0.320612,0.442417,0.194853,0
235,0.234293,0.456721,0.210526,1
236,0.258621,0.493865,0.257143,1
237,0.208200,0.466535,0.243816,1
238,0.217851,0.483433,0.126280,1
239,0.217103,0.494333,0.085526,1
240,0.183232,0.519584,0.070968,1
242,0.137361,0.539664,-0.059190,1
243,0.162482,0.500000,-0.061093,1
244,0.201268,0.555950,-0.187500,1
245,0.178923,0.491425,-0.210692,1
246,0.168317,0.550322,-0.269231,1
247,0.209242,0.401498,-0.319218,1
248,0.201752,0.465342,0.140221,1
249,0.211913,0.467269,0.301158,1
250,0.201752,0.557811,0.256809,1
251,0.215215,0.477193,0.207407,1
252,0.169736,0.525708,0.201389,1
253,0.202646,0.467492,0.246528,1
254,0.192332,0.504112,0.191336,1
255,0.207830,0.407470,0.161765,1
256,0.162130,0.499137,0.110294,1
257,0.162130,0.503917,0.100372,1
258,0.167944,0.569675,0.058020,1
260,0.149917,0.517061,-0.087948,1
261,0.173429,0.505622,-0.088525,1
262,0.178754,0.522045,-0.201954,1
263,0.184984,0.535600,-0.171975,1
264,0.218046,0.599453,-0.207120,1
265,0.137361,0.541688,-0.319277,1
266,0.194730,0.535269,-0.292754,1
267,0.202832,0.691175,-0.391011,1
268,0.217626,0.546608,-0.432877,1
269,0.113779,0.566418,-0.573913,1
270,0.184242,0.419939,-0.597015,1
271,0.168090,0.379473,-0.655870,1
272,0.148869,0.365329,-0.698745,1
273,0.136301,0.391225,-0.560784,1
274,0.168167,0.352838,-0.678715,1
275,0.180258,0.335201,-0.656489,1
276,0.179977,0.444805,-0.591241,1
278,0.164399,0.455740,-0.469256,1
279,0.238657,0.564828,-0.347432,1
280,0.190184,0.521593,-0.442368,1
281,0.227626,0.468599,-0.420732,1
282,0.220237,0.524985,0.070175,1
283,0.303137,0.417640,0.449735,0
284,0.239517,0.223607,1.463415,0
285,0.252354,0.392878,0.485000,0
289,0.210254,0.469776,0.367257,0
290,0.204834,0.516362,0.254032,0
291,0.195111,0.432231,0.319502,0
292,0.232529,0.463942,0.226277,1
293,0.239517,0.452520,0.136364,1
294,0.319904,0.489233,0.138158,1
295,0.262689,0.472010,0.230189,1
296,0.285194,0.493197,0.156028,1
297,0.268700,0.454940,0.261993,1
298,0.236224,0.561978,0.277567,1
299,0.293966,0.462343,0.069307,1
300,0.209483,0.592163,0.180212,0
301,0.244902,0.569797,0.334661,0
